sale_id,customer_id,product_id,store_id,quantity,amount,sale_date
1,1511.0,P010,S01,7,-100.0,2025-04-07
2,667.0,P075,S02,10,-100.0,2026-04-01
3,473.0,P072,S01,2,-100.0,2024-06-11
4,1596.0,P028,S03,9,-100.0,2024-10-28
5,598.0,P031,S04,8,-100.0,2025-06-30
6,822.0,P016,S01,2,-100.0,2026-05-15
7,1823.0,P024,S04,5,-100.0,2025-09-10
8,208.0,P037,S05,3,-100.0,2025-03-18
9,45.0,P061,S02,1,-100.0,2025-11-22
10,1579.0,P020,S01,7,-100.0,2025-12-06
11,1621.0,P092,S01,-2,4295.98,2025-08-02
12,521.0,P088,S02,-2,3733.55,2025-01-16
13,1330.0,P024,S04,-2,3213.18,2025-09-25
14,1514.0,P097,S02,-2,3587.57,2026-05-13
15,1443.0,P023,S05,-2,1444.5,2025-07-05
16,994.0,P029,S01,-2,2105.65,2024-07-05
17,437.0,P032,S03,-2,1792.97,2026-03-14
18,543.0,P037,S01,-2,1009.67,2024-11-06
19,1565.0,P007,S04,-2,3557.55,2026-03-22
20,1611.0,P051,S05,-2,4617.82,2026-03-07
21,1808.0,P078,S02,4,2509.31,2027-06-10
22,1728.0,P097,S01,4,990.43,2027-06-10
23,239.0,P022,S04,4,2522.25,2027-06-10
24,1895.0,P086,S03,2,838.52,2027-06-10
25,943.0,P077,S01,7,2886.2,2027-06-10
26,996.0,P065,S04,10,1713.42,2027-06-10
27,1369.0,P095,S01,3,2322.31,2027-06-10
28,1899.0,P043,S03,7,2171.88,2027-06-10
29,1445.0,P034,S05,3,3379.86,2027-06-10
30,1206.0,P099,S05,4,4637.96,2027-06-10
31,,P072,S05,7,3744.91,2024-12-11
32,,P003,S03,6,1330.97,2026-03-24
33,,P074,S05,4,4167.38,2025-03-24
34,,P070,S04,8,235.44,2024-09-07
35,,P086,S02,2,297.29,2025-09-05
36,,P069,S01,5,3170.99,2025-12-22
37,,P003,S02,10,3552.48,2025-12-10
38,,P047,S03,5,4235.31,2025-04-05
39,,P096,S04,10,2012.3,2024-07-23
40,,P033,S05,3,3690.22,2024-08-25
41,1732.0,P088,S01,1,3159.39,2025-08-06
42,804.0,P039,S02,1,2960.13,2026-06-04
43,584.0,P040,S03,3,2104.58,2024-12-31
44,1389.0,P078,S04,5,3233.95,2024-09-24
45,1033.0,P084,S04,2,3942.69,2024-10-06
46,331.0,P038,S01,10,1563.06,2025-07-16
47,254.0,P016,S04,4,2733.11,2025-08-08
48,950.0,P077,S01,9,3622.52,2024-12-04
49,728.0,P016,S02,5,3848.24,2026-04-12
50,850.0,P073,S04,6,3262.88,2025-09-11
51,119.0,P070,S01,1,4980.05,2026-03-13
52,1248.0,P090,S05,7,1606.99,2025-07-08
53,1658.0,P071,S01,5,3600.89,2026-04-17
54,605.0,P064,S05,3,3364.8,2025-08-07
55,1892.0,P021,S05,3,3029.87,2025-04-05
56,1569.0,P075,S05,7,1252.3,2026-04-08
57,1031.0,P053,S02,7,4873.56,2024-10-31
58,906.0,P062,S01,9,4939.09,2025-11-30
59,1220.0,P024,S04,2,1413.75,2025-07-06
60,325.0,P025,S05,6,2536.61,2025-09-19
61,132.0,P086,S02,9,849.05,2025-08-29
62,463.0,P054,S03,8,1237.34,2025-10-15
63,1979.0,P097,S05,4,857.93,2025-08-21
64,1103.0,P011,S04,2,2646.69,2025-01-23
65,961.0,P048,S01,9,2446.29,2026-05-10
66,1650.0,P052,S05,6,4074.01,2025-12-21
67,1740.0,P080,S04,3,3530.43,2025-01-26
68,1375.0,P049,S01,5,4753.72,2024-08-10
69,1948.0,P026,S04,7,1774.7,2025-02-06
70,1773.0,P065,S01,1,4734.87,2024-10-19
71,1578.0,P064,S03,8,4675.57,2025-04-17
72,774.0,P085,S04,4,3485.11,2024-09-18
73,1600.0,P020,S01,6,3827.3,2024-10-06
74,153.0,P010,S05,4,3086.97,2025-01-25
75,1739.0,P080,S02,8,1083.27,2024-08-02
76,537.0,P045,S02,7,1801.01,2026-03-25
77,951.0,P053,S01,7,2488.39,2024-10-01
78,703.0,P099,S03,10,2491.97,2026-02-22
79,4.0,P071,S03,1,1139.13,2025-01-05
80,849.0,P038,S01,8,3515.62,2026-06-08
81,876.0,P047,S01,9,832.08,2024-07-14
82,1895.0,P061,S02,9,3957.79,2024-06-24
83,1925.0,P045,S02,1,3646.18,2025-08-23
84,1352.0,P067,S04,8,954.01,2024-08-19
85,1903.0,P080,S04,4,3733.4,2025-10-24
86,113.0,P062,S02,6,1710.05,2024-08-24
87,46.0,P018,S02,2,3624.94,2025-12-03
88,1708.0,P063,S04,6,4632.79,2026-01-18
89,775.0,P041,S03,6,236.05,2025-02-24
90,343.0,P094,S01,6,698.41,2024-07-01
91,197.0,P011,S04,6,1139.12,2025-07-05
92,875.0,P097,S05,4,2827.36,2024-08-20
93,10.0,P071,S04,2,274.56,2026-03-08
94,1150.0,P013,S01,4,2168.47,2025-10-28
95,175.0,P004,S04,5,528.27,2025-11-10
96,1240.0,P035,S03,7,2781.07,2025-04-13
97,1180.0,P044,S03,6,3389.83,2025-07-06
98,793.0,P067,S03,8,2632.15,2025-07-13
99,1037.0,P050,S02,4,883.13,2026-01-09
100,155.0,P090,S05,5,3497.03,2025-04-01
101,1458.0,P047,S05,10,1106.7,2024-07-02
102,1466.0,P045,S03,2,719.63,2025-05-22
103,466.0,P096,S05,8,2674.88,2025-06-06
104,1343.0,P019,S02,9,1567.37,2024-09-21
105,1733.0,P018,S04,3,4569.15,2026-01-16
106,1837.0,P019,S05,7,778.59,2026-04-25
107,1361.0,P022,S05,6,4684.94,2025-10-26
108,248.0,P073,S01,3,4895.85,2025-07-04
109,1446.0,P007,S02,5,682.89,2024-08-10
110,350.0,P060,S02,1,1628.96,2026-04-03
111,1658.0,P099,S02,4,2219.36,2026-04-26
112,550.0,P020,S04,6,722.51,2024-09-17
113,606.0,P071,S02,8,553.41,2025-11-09
114,704.0,P062,S02,8,3543.91,2025-05-05
115,703.0,P078,S03,5,2682.4,2025-10-23
116,1656.0,P045,S03,7,4666.58,2026-05-21
117,62.0,P021,S05,7,3498.01,2024-06-18
118,1257.0,P100,S05,1,2302.33,2024-07-24
119,813.0,P030,S02,5,441.12,2024-07-14
120,974.0,P077,S05,6,4609.91,2025-05-21
121,109.0,P044,S02,2,570.4,2024-12-05
122,1950.0,P091,S02,9,3174.66,2024-08-10
123,1682.0,P072,S04,5,2760.87,2024-09-23
124,290.0,P020,S01,5,2219.56,2024-11-16
125,102.0,P056,S05,10,2804.97,2024-10-09
126,1069.0,P050,S04,10,4372.56,2025-12-14
127,1642.0,P071,S01,8,3303.06,2025-08-27
128,349.0,P025,S04,4,844.8,2024-09-06
129,1722.0,P007,S01,1,4078.73,2026-03-25
130,1526.0,P063,S03,3,1035.75,2025-03-26
131,1086.0,P099,S04,9,2962.28,2025-11-18
132,1595.0,P047,S04,7,1117.99,2025-02-20
133,1646.0,P082,S04,1,1359.43,2025-11-16
134,1812.0,P042,S03,4,4023.91,2025-05-27
135,1497.0,P011,S02,10,452.8,2024-06-10
136,1876.0,P043,S01,7,3094.52,2025-11-28
137,646.0,P088,S02,8,786.06,2025-12-30
138,566.0,P061,S01,8,1930.76,2024-08-30
139,1225.0,P052,S02,2,2702.37,2025-03-18
140,789.0,P070,S03,2,3364.7,2025-12-07
141,541.0,P069,S01,9,3270.74,2025-07-24
142,800.0,P003,S05,9,1301.07,2026-05-25
143,1797.0,P083,S05,6,4304.95,2025-01-16
144,2000.0,P066,S02,6,3466.41,2026-04-16
145,852.0,P069,S05,6,552.33,2025-01-19
146,139.0,P020,S01,7,1201.74,2025-07-28
147,1680.0,P006,S02,7,2400.4,2025-09-12
148,1359.0,P026,S05,4,1838.91,2026-03-24
149,1572.0,P062,S04,6,2911.88,2025-09-05
150,775.0,P046,S04,2,900.41,2026-05-15
151,726.0,P001,S04,2,2085.12,2026-02-14
152,850.0,P043,S05,4,596.21,2025-04-15
153,1118.0,P081,S02,3,247.39,2026-02-20
154,954.0,P002,S03,5,1967.67,2025-07-06
155,1596.0,P065,S05,8,2291.61,2025-11-08
156,1041.0,P040,S04,4,4134.41,2024-09-21
157,308.0,P032,S02,6,2053.18,2026-03-22
158,1723.0,P041,S04,2,965.04,2025-06-28
159,238.0,P065,S05,3,1941.97,2025-10-21
160,236.0,P098,S04,7,4153.31,2026-02-26
161,1268.0,P048,S01,10,4817.18,2025-09-04
162,1020.0,P047,S05,9,3473.06,2024-07-24
163,807.0,P007,S03,6,2067.14,2025-09-13
164,397.0,P017,S03,4,3407.61,2026-01-19
165,543.0,P018,S02,7,3927.59,2025-10-08
166,441.0,P030,S05,9,3727.66,2026-05-06
167,1944.0,P011,S05,10,4319.06,2024-11-15
168,764.0,P068,S05,10,4903.27,2025-03-11
169,863.0,P082,S04,5,3193.0,2024-09-28
170,1901.0,P017,S01,8,2194.78,2026-05-11
171,1556.0,P055,S03,10,234.06,2026-03-31
172,668.0,P059,S04,3,3488.06,2025-03-31
173,1468.0,P039,S04,1,3031.7,2024-09-01
174,1515.0,P039,S03,3,620.36,2025-02-27
175,1247.0,P069,S04,8,2540.66,2026-03-28
176,1570.0,P002,S03,8,3772.51,2025-10-30
177,1704.0,P040,S04,4,1782.46,2025-08-02
178,968.0,P093,S03,5,1196.31,2025-11-29
179,1271.0,P046,S03,2,4023.32,2024-12-08
180,312.0,P051,S03,7,4895.86,2024-12-06
181,997.0,P032,S05,6,1484.33,2024-07-05
182,1285.0,P071,S05,3,1110.59,2024-09-28
183,557.0,P029,S02,6,4688.76,2025-01-23
184,30.0,P040,S01,1,1140.54,2025-04-13
185,1056.0,P006,S05,6,1171.82,2024-08-30
186,512.0,P009,S02,6,1457.42,2026-04-19
187,1099.0,P043,S02,1,2469.66,2024-11-09
188,183.0,P003,S01,10,3562.18,2025-08-21
189,1778.0,P023,S02,6,2229.94,2025-10-09
190,1884.0,P080,S04,8,183.51,2026-03-14
191,1077.0,P027,S03,1,140.25,2025-02-05
192,609.0,P058,S01,2,2369.18,2025-11-13
193,383.0,P020,S05,5,989.91,2025-04-18
194,1548.0,P084,S03,6,140.15,2025-12-24
195,1811.0,P066,S01,6,2692.0,2024-09-16
196,927.0,P017,S04,9,2475.64,2024-10-24
197,38.0,P067,S01,10,724.79,2024-06-20
198,627.0,P056,S02,1,813.66,2025-04-28
199,1807.0,P039,S04,8,2203.15,2025-07-10
200,266.0,P032,S03,3,787.9,2025-02-22
201,1003.0,P078,S05,10,119.87,2025-07-07
202,32.0,P093,S01,3,1073.45,2025-05-05
203,1569.0,P088,S02,6,2145.68,2025-11-27
204,192.0,P099,S01,9,855.25,2024-10-09
205,1492.0,P027,S05,2,4385.37,2025-07-29
206,1546.0,P098,S01,9,1824.13,2025-03-28
207,251.0,P005,S03,10,3530.79,2024-06-17
208,1591.0,P010,S01,1,2954.69,2025-12-03
209,146.0,P064,S04,8,4097.66,2026-02-12
210,1426.0,P069,S01,9,3768.09,2025-05-10
211,869.0,P018,S01,10,4779.06,2025-12-12
212,772.0,P020,S04,2,3744.04,2025-09-24
213,202.0,P009,S05,1,813.36,2025-10-15
214,805.0,P027,S03,6,790.54,2025-09-16
215,1543.0,P013,S03,8,3943.04,2024-09-13
216,615.0,P097,S05,7,1641.71,2024-10-28
217,32.0,P027,S02,1,3159.32,2024-10-04
218,1924.0,P095,S01,6,1716.87,2025-04-11
219,1379.0,P001,S01,3,608.64,2025-02-19
220,505.0,P087,S01,10,3929.45,2025-02-13
221,326.0,P038,S01,8,3454.08,2026-04-18
222,488.0,P047,S01,8,2913.14,2025-04-24
223,1040.0,P087,S05,1,1503.74,2025-09-18
224,1260.0,P026,S05,7,2759.29,2024-09-13
225,564.0,P021,S04,4,235.84,2026-05-08
226,1291.0,P018,S04,5,1945.75,2024-12-10
227,1003.0,P100,S01,6,1957.28,2025-11-12
228,809.0,P008,S01,8,3621.07,2024-08-27
229,744.0,P085,S02,3,3093.03,2026-01-19
230,103.0,P012,S03,2,3025.6,2025-12-08
231,269.0,P043,S02,4,3068.47,2024-11-19
232,1646.0,P100,S04,6,1405.41,2025-11-08
233,435.0,P040,S05,6,1608.38,2026-03-05
234,1849.0,P052,S01,8,1371.81,2025-04-13
235,657.0,P071,S03,8,525.28,2024-06-13
236,1022.0,P074,S01,1,1646.9,2025-09-30
237,772.0,P051,S01,4,3987.22,2025-10-12
238,1744.0,P060,S01,9,977.83,2024-08-20
239,1084.0,P034,S05,2,4235.53,2024-12-07
240,1289.0,P016,S05,5,3801.18,2026-04-25
241,80.0,P009,S01,8,1258.78,2024-07-24
242,1803.0,P080,S03,10,1004.77,2026-02-04
243,173.0,P014,S04,4,3965.44,2025-05-17
244,1053.0,P076,S04,4,1170.11,2025-05-29
245,408.0,P083,S03,1,1643.0,2025-08-01
246,1776.0,P036,S02,2,4680.09,2026-05-27
247,1779.0,P034,S05,2,1943.27,2025-02-13
248,426.0,P036,S03,4,322.05,2025-03-11
249,105.0,P071,S04,7,209.76,2025-09-19
250,1091.0,P065,S02,1,830.33,2025-03-13
251,1035.0,P017,S02,3,4423.27,2025-01-10
252,1448.0,P071,S02,7,3625.09,2024-09-11
253,187.0,P067,S01,1,3431.66,2026-05-23
254,1948.0,P097,S05,6,2255.88,2024-08-05
255,15.0,P018,S03,2,3812.61,2024-10-26
256,777.0,P086,S02,3,4445.08,2026-01-21
257,1741.0,P056,S04,7,184.73,2025-09-27
258,835.0,P043,S02,6,1239.51,2026-02-12
259,120.0,P076,S01,8,2165.02,2026-02-09
260,1174.0,P090,S05,4,3470.8,2025-06-17
261,1673.0,P017,S05,8,4136.25,2025-07-23
262,1766.0,P062,S02,5,4986.03,2024-11-12
263,748.0,P011,S04,10,4466.88,2025-03-21
264,1075.0,P031,S04,2,4087.81,2024-09-13
265,1557.0,P007,S02,9,3675.49,2024-06-22
266,1400.0,P091,S03,9,2832.74,2025-02-25
267,616.0,P039,S04,3,2706.86,2024-12-10
268,1359.0,P084,S04,9,4910.27,2025-09-06
269,1389.0,P014,S05,1,1122.65,2026-04-24
270,430.0,P042,S01,8,3588.02,2026-05-24
271,407.0,P053,S03,6,575.36,2024-12-05
272,667.0,P044,S03,4,2310.1,2025-01-17
273,905.0,P067,S01,8,2782.35,2026-02-12
274,1962.0,P043,S01,10,1256.3,2025-07-10
275,1869.0,P007,S03,7,3031.88,2026-01-08
276,535.0,P012,S05,5,719.6,2025-02-25
277,1521.0,P095,S02,1,3218.32,2025-12-23
278,1522.0,P003,S04,3,1421.33,2026-04-20
279,1974.0,P097,S02,2,3447.61,2025-07-12
280,186.0,P098,S02,8,900.43,2026-06-02
281,1352.0,P056,S01,10,2463.9,2024-07-30
282,141.0,P043,S05,9,2723.59,2025-07-17
283,1754.0,P027,S02,7,4006.73,2025-08-29
284,1971.0,P022,S05,2,2161.11,2026-03-26
285,508.0,P073,S02,9,1335.23,2025-09-18
286,1337.0,P058,S03,7,1517.76,2026-06-09
287,415.0,P062,S01,3,3359.42,2025-07-01
288,730.0,P080,S03,4,1690.29,2025-11-14
289,1987.0,P045,S03,9,2506.29,2024-10-24
290,88.0,P045,S01,1,4365.51,2025-04-13
291,136.0,P086,S01,2,4223.17,2026-05-01
292,896.0,P050,S05,10,4878.71,2024-12-16
293,1295.0,P072,S04,6,3628.36,2025-08-21
294,818.0,P076,S03,3,1042.44,2026-02-18
295,802.0,P065,S05,1,4827.3,2024-09-12
296,233.0,P003,S02,8,1107.13,2024-07-12
297,1930.0,P038,S01,4,3442.26,2025-03-30
298,1156.0,P089,S05,7,4706.37,2024-11-28
299,983.0,P002,S01,2,4339.69,2024-09-21
300,1379.0,P095,S03,7,3739.14,2025-11-19
301,1792.0,P025,S05,2,2351.0,2024-09-11
302,231.0,P034,S03,7,3004.05,2026-01-25
303,1724.0,P006,S02,8,1584.81,2025-09-30
304,1365.0,P055,S05,5,345.88,2026-05-05
305,1272.0,P019,S01,5,4635.71,2024-12-06
306,1361.0,P079,S03,8,3043.31,2025-12-08
307,316.0,P037,S05,10,717.59,2026-05-21
308,928.0,P014,S04,9,2258.28,2025-01-05
309,994.0,P100,S02,9,1418.58,2025-05-10
310,560.0,P015,S01,10,3526.0,2025-12-13
311,1321.0,P078,S03,8,3797.37,2025-06-05
312,965.0,P098,S03,3,1318.94,2026-04-07
313,1618.0,P005,S02,1,2015.38,2025-04-26
314,1684.0,P095,S04,5,4275.47,2026-04-23
315,801.0,P082,S01,8,3939.23,2025-12-17
316,1369.0,P009,S05,8,301.54,2026-03-10
317,1730.0,P090,S02,1,4892.76,2024-10-10
318,1865.0,P048,S01,8,989.66,2025-05-28
319,157.0,P099,S01,9,2485.81,2026-05-22
320,939.0,P065,S04,7,1502.22,2026-05-12
321,1238.0,P028,S02,4,3761.49,2025-11-22
322,1033.0,P053,S02,2,2536.08,2024-07-02
323,328.0,P061,S03,8,4451.0,2024-08-08
324,1969.0,P090,S04,1,1544.0,2025-07-30
325,442.0,P011,S05,2,1437.18,2025-11-01
326,1994.0,P011,S03,5,2555.84,2025-04-19
327,1058.0,P086,S02,4,4678.56,2026-05-05
328,1224.0,P040,S02,6,3953.01,2026-03-24
329,1140.0,P008,S04,6,4931.35,2025-10-27
330,610.0,P082,S03,10,2253.41,2025-09-21
331,1677.0,P032,S01,10,4669.51,2026-02-09
332,1254.0,P080,S05,8,3596.32,2024-11-27
333,1224.0,P039,S01,9,4462.13,2024-07-20
334,314.0,P008,S01,4,3934.17,2025-08-14
335,1096.0,P089,S02,10,3658.15,2025-04-10
336,1743.0,P073,S04,3,2986.66,2025-07-05
337,1855.0,P061,S03,5,3391.87,2024-10-08
338,894.0,P017,S02,2,2717.74,2024-12-03
339,815.0,P089,S03,7,1172.94,2025-09-25
340,766.0,P030,S01,7,3262.74,2024-11-24
341,476.0,P003,S02,4,2863.04,2026-02-27
342,1911.0,P021,S01,5,899.22,2024-10-21
343,1213.0,P040,S03,5,2938.2,2024-11-30
344,720.0,P001,S04,6,886.41,2025-10-10
345,629.0,P019,S03,2,1054.72,2024-07-17
346,47.0,P081,S01,6,1269.14,2024-12-06
347,1072.0,P046,S03,7,4999.63,2026-04-28
348,1514.0,P081,S05,8,1518.4,2024-12-22
349,1667.0,P064,S01,6,4074.84,2026-03-24
350,1174.0,P058,S05,10,2476.76,2025-11-26
351,1177.0,P011,S02,1,4015.7,2025-03-10
352,713.0,P027,S02,6,3935.57,2024-11-18
353,520.0,P066,S03,10,3802.06,2025-04-27
354,409.0,P082,S02,7,335.6,2024-07-31
355,620.0,P003,S04,7,4637.18,2024-08-23
356,1746.0,P030,S04,8,4197.59,2025-11-30
357,279.0,P053,S02,7,781.04,2024-07-22
358,583.0,P084,S05,3,2971.53,2024-09-09
359,1077.0,P037,S04,7,2470.14,2024-10-03
360,680.0,P089,S01,8,3578.42,2025-08-19
361,1183.0,P072,S05,7,3377.04,2024-07-17
362,106.0,P062,S03,4,2307.09,2025-12-30
363,1364.0,P030,S03,3,3159.61,2025-01-14
364,1196.0,P036,S05,3,2637.11,2024-09-07
365,560.0,P083,S03,9,3567.5,2025-07-29
366,336.0,P073,S05,5,915.99,2026-03-10
367,130.0,P043,S03,10,4529.3,2024-07-07
368,719.0,P076,S05,1,1264.76,2025-10-13
369,223.0,P068,S04,10,2126.77,2024-08-31
370,123.0,P034,S04,6,3410.22,2025-02-15
371,1417.0,P058,S01,7,1367.48,2026-01-01
372,842.0,P003,S01,4,2406.25,2026-01-22
373,910.0,P060,S02,8,391.14,2024-08-27
374,336.0,P052,S02,5,1573.72,2026-05-09
375,161.0,P038,S04,6,710.35,2026-05-05
376,1988.0,P036,S03,10,3184.7,2024-12-30
377,958.0,P002,S05,3,3143.29,2025-10-04
378,1922.0,P020,S04,2,2815.68,2025-12-02
379,644.0,P011,S05,9,3669.29,2026-05-31
380,163.0,P079,S04,10,4294.08,2025-03-23
381,1377.0,P093,S01,4,469.94,2025-01-19
382,1517.0,P066,S01,4,4909.64,2024-11-15
383,1939.0,P018,S01,8,3587.27,2025-12-16
384,1923.0,P074,S02,10,4612.44,2025-09-11
385,1716.0,P021,S02,7,4502.93,2026-05-24
386,10.0,P001,S04,7,360.58,2025-02-05
387,618.0,P088,S02,6,1319.27,2024-06-25
388,553.0,P100,S03,3,2801.84,2024-11-08
389,124.0,P081,S01,8,3985.55,2025-05-31
390,1727.0,P089,S05,4,596.44,2024-10-28
391,656.0,P001,S01,7,1998.92,2025-12-09
392,729.0,P100,S02,4,1909.09,2024-08-21
393,63.0,P059,S04,7,1893.66,2026-05-11
394,314.0,P004,S02,6,4999.19,2025-09-03
395,1034.0,P071,S05,8,3003.37,2024-07-20
396,1945.0,P060,S05,3,433.31,2026-02-21
397,932.0,P100,S03,2,4718.42,2025-12-19
398,1622.0,P046,S01,10,1995.5,2025-03-14
399,12.0,P085,S05,9,408.47,2026-06-03
400,1906.0,P034,S03,2,2534.94,2024-08-12
401,1155.0,P034,S04,8,2204.31,2026-03-09
402,298.0,P035,S03,1,3320.61,2026-04-10
403,32.0,P071,S01,4,3400.23,2025-01-14
404,1850.0,P013,S02,5,4466.72,2025-02-04
405,1448.0,P017,S05,10,1959.8,2026-06-03
406,1277.0,P047,S02,8,2172.69,2025-05-13
407,1204.0,P054,S02,10,1907.51,2025-04-10
408,1386.0,P056,S02,5,3585.77,2026-02-02
409,295.0,P043,S05,1,2395.47,2024-10-08
410,94.0,P062,S04,5,425.01,2024-10-15
411,779.0,P049,S01,8,1181.67,2025-12-23
412,1757.0,P017,S03,3,4918.3,2026-02-23
413,49.0,P017,S03,10,1672.14,2025-10-22
414,771.0,P001,S03,4,3258.28,2026-05-02
415,1309.0,P008,S05,4,2703.6,2025-12-03
416,905.0,P082,S02,3,2715.11,2026-05-14
417,483.0,P002,S02,4,4126.05,2025-12-26
418,691.0,P047,S03,7,1224.31,2024-10-06
419,1870.0,P042,S01,6,181.57,2025-02-04
420,16.0,P002,S04,1,4536.35,2025-11-04
421,351.0,P087,S03,3,1355.68,2025-10-24
422,1499.0,P035,S04,9,1307.29,2024-09-06
423,1029.0,P045,S02,3,1219.5,2024-10-29
424,1306.0,P004,S02,5,3261.1,2024-09-15
425,1749.0,P050,S03,2,4598.96,2026-02-16
426,1479.0,P089,S04,7,2086.91,2026-04-16
427,362.0,P089,S01,9,3555.2,2026-03-12
428,283.0,P071,S04,3,1455.39,2026-03-25
429,604.0,P011,S01,5,2027.58,2024-08-08
430,852.0,P017,S04,1,196.32,2025-11-16
431,1313.0,P045,S03,2,4225.75,2025-08-02
432,1251.0,P076,S05,7,4170.53,2025-03-17
433,177.0,P001,S05,5,2413.82,2025-04-20
434,1429.0,P010,S03,8,2230.27,2024-09-19
435,367.0,P038,S04,9,2671.75,2026-06-03
436,1175.0,P021,S03,5,622.78,2024-08-27
437,594.0,P016,S03,8,3430.12,2025-09-16
438,1665.0,P037,S03,7,340.96,2025-12-02
439,1383.0,P089,S01,4,4364.5,2025-07-11
440,1173.0,P076,S01,3,1106.45,2024-12-21
441,1432.0,P069,S04,10,3474.9,2024-12-15
442,112.0,P015,S05,5,3540.38,2026-01-31
443,1648.0,P026,S04,6,131.52,2024-12-03
444,811.0,P092,S03,5,1623.76,2025-07-04
445,1150.0,P024,S02,4,1461.61,2025-09-13
446,1141.0,P034,S01,8,2301.32,2026-03-07
447,575.0,P061,S05,10,1820.74,2025-06-09
448,1926.0,P060,S02,2,1221.43,2025-01-02
449,922.0,P076,S02,7,3910.45,2024-12-11
450,524.0,P019,S04,4,4479.08,2025-01-01
451,323.0,P014,S04,2,3997.34,2025-01-20
452,454.0,P048,S01,2,1772.17,2025-06-02
453,1707.0,P089,S04,3,3148.59,2024-09-15
454,1670.0,P061,S05,6,2166.15,2025-11-30
455,1271.0,P093,S05,7,1790.31,2026-02-06
456,1392.0,P082,S01,9,4971.04,2025-10-30
457,1088.0,P064,S03,2,4478.24,2025-08-28
458,1382.0,P053,S04,5,814.76,2026-02-08
459,1087.0,P002,S01,9,4838.14,2024-09-10
460,925.0,P051,S03,9,2295.19,2025-04-28
461,699.0,P090,S03,6,1233.12,2026-05-18
462,796.0,P010,S04,1,1143.02,2026-01-06
463,835.0,P058,S03,6,2260.26,2024-09-28
464,1539.0,P032,S02,5,3697.19,2024-10-09
465,796.0,P093,S03,9,1782.36,2024-10-08
466,17.0,P075,S01,10,503.29,2024-11-28
467,733.0,P058,S01,9,2233.37,2024-10-12
468,1597.0,P043,S02,5,643.48,2025-07-06
469,1566.0,P020,S02,10,1828.87,2025-08-20
470,1582.0,P019,S01,10,4907.93,2024-08-22
471,1850.0,P002,S01,4,3123.17,2025-09-24
472,1346.0,P026,S03,9,3094.41,2024-09-23
473,857.0,P054,S02,8,2778.17,2025-11-24
474,754.0,P021,S01,4,1379.98,2025-03-01
475,931.0,P033,S02,7,1681.88,2025-05-30
476,1267.0,P025,S03,5,1915.7,2025-03-20
477,1911.0,P010,S03,6,2787.38,2024-12-23
478,1188.0,P093,S03,3,2087.54,2025-06-30
479,1495.0,P089,S01,8,4298.34,2025-02-09
480,331.0,P099,S01,6,2700.45,2026-03-29
481,1562.0,P002,S02,1,4218.1,2024-08-11
482,916.0,P096,S02,6,4550.32,2025-07-03
483,1589.0,P092,S01,8,3993.07,2024-09-21
484,624.0,P089,S04,4,807.87,2026-05-16
485,218.0,P057,S02,8,2048.13,2024-07-09
486,927.0,P094,S03,8,4281.84,2024-09-09
487,148.0,P013,S04,5,1783.16,2025-04-23
488,293.0,P031,S02,9,1557.95,2025-08-29
489,32.0,P092,S01,9,2080.31,2026-04-18
490,1656.0,P058,S05,10,154.37,2025-09-19
491,1954.0,P090,S02,2,4773.59,2024-07-19
492,1212.0,P059,S04,10,2501.96,2025-07-05
493,676.0,P020,S02,3,3908.99,2025-03-30
494,533.0,P031,S05,10,617.78,2024-11-22
495,643.0,P058,S01,6,2146.71,2024-10-03
496,913.0,P002,S03,6,3664.02,2025-08-01
497,1689.0,P063,S02,4,3847.65,2025-11-01
498,1128.0,P096,S01,7,2874.1,2024-12-26
499,322.0,P042,S02,1,3293.5,2025-08-22
500,1755.0,P087,S05,6,918.58,2025-11-09
501,1117.0,P078,S01,7,205.5,2024-07-13
502,13.0,P094,S04,9,3646.28,2026-01-09
503,1165.0,P050,S05,5,913.77,2026-05-20
504,1700.0,P041,S04,5,318.59,2026-02-25
505,171.0,P003,S02,3,4689.33,2024-11-24
506,1169.0,P098,S01,2,3433.29,2025-12-20
507,790.0,P094,S03,8,2937.31,2025-03-23
508,1956.0,P089,S04,7,4285.52,2024-09-02
509,1336.0,P037,S02,5,558.02,2024-06-28
510,1983.0,P093,S02,4,826.22,2025-08-29
511,841.0,P047,S04,2,3927.87,2025-03-12
512,1276.0,P080,S01,2,4661.86,2025-04-20
513,9.0,P086,S03,8,4209.27,2025-01-12
514,308.0,P013,S02,10,3211.81,2024-10-25
515,1377.0,P053,S02,10,3875.13,2024-11-09
516,757.0,P091,S04,6,2299.91,2024-08-31
517,420.0,P035,S03,6,2729.42,2026-02-18
518,1727.0,P055,S01,3,4038.15,2024-06-17
519,49.0,P040,S01,5,1637.86,2025-10-27
520,1041.0,P086,S03,9,471.59,2025-06-23
521,555.0,P053,S05,7,858.36,2026-04-17
522,657.0,P084,S05,9,1008.58,2026-03-03
523,652.0,P060,S05,2,3133.23,2025-01-17
524,1811.0,P024,S04,8,4391.98,2024-08-27
525,1731.0,P079,S04,7,1713.08,2026-04-01
526,798.0,P060,S04,8,496.84,2026-01-12
527,1517.0,P068,S02,7,2200.55,2026-02-21
528,827.0,P023,S02,8,3663.08,2024-07-29
529,1575.0,P018,S04,7,2897.96,2026-04-02
530,1723.0,P080,S02,3,705.65,2024-09-05
531,1961.0,P018,S04,9,1610.14,2026-04-22
532,355.0,P040,S02,4,2913.87,2024-09-12
533,949.0,P087,S01,7,3597.52,2025-01-05
534,24.0,P070,S02,9,461.15,2025-02-07
535,85.0,P036,S04,2,3433.51,2025-03-24
536,1025.0,P028,S03,8,3668.58,2024-09-18
537,1992.0,P068,S04,4,3405.59,2026-03-03
538,1823.0,P090,S05,1,1799.98,2024-07-05
539,194.0,P006,S03,5,2302.75,2025-10-23
540,1048.0,P058,S03,3,1836.16,2026-03-10
541,399.0,P059,S01,6,1790.45,2026-04-18
542,1487.0,P025,S04,3,4118.35,2024-06-29
543,1202.0,P070,S04,10,4683.52,2024-11-08
544,213.0,P026,S05,9,3983.93,2025-10-16
545,100.0,P002,S04,10,1428.01,2026-04-22
546,190.0,P018,S03,1,2571.19,2024-09-09
547,884.0,P009,S03,1,1285.21,2024-09-24
548,1138.0,P025,S03,10,4995.08,2026-02-16
549,1653.0,P020,S01,5,1306.91,2025-03-17
550,1939.0,P063,S03,1,979.77,2026-04-14
551,90.0,P034,S02,1,925.63,2025-11-19
552,1852.0,P097,S02,9,3934.92,2025-08-17
553,415.0,P037,S01,7,2577.8,2024-07-10
554,18.0,P036,S02,6,4153.61,2025-03-29
555,1104.0,P092,S04,9,3726.15,2026-04-07
556,1726.0,P053,S04,1,2346.44,2025-03-30
557,1022.0,P030,S03,6,4983.58,2026-03-08
558,1531.0,P021,S03,8,904.73,2026-05-15
559,417.0,P080,S02,9,3628.47,2025-09-28
560,457.0,P084,S05,1,212.4,2025-03-07
561,1767.0,P036,S05,6,1490.19,2026-06-06
562,214.0,P078,S01,5,4911.58,2026-04-04
563,502.0,P080,S03,1,362.8,2025-10-04
564,147.0,P037,S03,5,3480.53,2025-12-07
565,1216.0,P084,S03,8,3365.04,2025-04-23
566,1875.0,P085,S02,6,996.64,2026-04-22
567,392.0,P011,S05,10,2720.89,2025-03-31
568,1187.0,P081,S02,8,1475.68,2025-07-22
569,1247.0,P075,S05,8,2685.09,2026-02-15
570,229.0,P029,S04,8,2969.95,2026-03-25
571,105.0,P063,S02,9,3383.64,2025-07-07
572,416.0,P027,S05,10,4314.56,2025-07-27
573,1293.0,P046,S03,10,101.38,2024-10-06
574,1758.0,P002,S01,10,794.47,2024-07-30
575,1813.0,P010,S01,5,3572.42,2025-04-18
576,385.0,P070,S03,6,1890.64,2025-10-04
577,141.0,P099,S04,3,3362.67,2025-08-27
578,975.0,P094,S02,2,1913.85,2024-10-23
579,1362.0,P086,S02,6,3791.28,2026-04-04
580,1265.0,P089,S03,3,2791.34,2025-10-21
581,1816.0,P004,S03,5,241.76,2024-08-16
582,1742.0,P032,S05,6,2662.96,2025-03-20
583,1877.0,P038,S01,9,3662.13,2025-06-24
584,1706.0,P030,S02,5,1508.66,2025-03-12
585,1713.0,P053,S01,6,2187.32,2024-07-18
586,1126.0,P061,S01,3,2084.44,2025-09-09
587,1691.0,P076,S02,7,2087.54,2026-02-24
588,1455.0,P058,S03,8,651.01,2025-10-26
589,250.0,P031,S03,7,552.72,2026-03-09
590,240.0,P026,S03,4,3735.0,2026-05-08
591,1786.0,P065,S04,6,4321.71,2026-04-18
592,48.0,P094,S04,10,3783.88,2025-01-09
593,864.0,P004,S03,7,2698.62,2026-03-06
594,918.0,P061,S05,10,807.99,2025-10-08
595,1490.0,P090,S05,7,3435.84,2025-03-26
596,596.0,P021,S05,7,2649.47,2025-06-26
597,1720.0,P070,S03,3,3711.72,2025-02-21
598,1893.0,P051,S05,8,4437.85,2024-09-07
599,1042.0,P042,S03,10,4770.7,2025-07-04
600,286.0,P037,S02,5,4183.23,2025-09-15
601,696.0,P005,S03,2,3526.21,2026-05-28
602,1487.0,P031,S04,6,2782.77,2024-10-23
603,490.0,P009,S05,10,4464.77,2026-04-21
604,825.0,P001,S05,1,3658.29,2025-11-03
605,484.0,P026,S03,9,2669.47,2026-02-06
606,103.0,P016,S04,6,4840.52,2026-05-24
607,1238.0,P095,S02,2,2068.91,2026-02-13
608,96.0,P028,S03,6,1880.23,2026-01-10
609,21.0,P027,S01,4,4353.76,2025-12-21
610,1919.0,P043,S05,3,2648.69,2025-03-13
611,780.0,P057,S03,5,1605.02,2026-04-19
612,1322.0,P028,S03,3,2181.2,2025-11-13
613,1115.0,P096,S02,3,3750.44,2024-10-08
614,138.0,P045,S03,9,2910.33,2024-07-29
615,357.0,P031,S04,2,708.63,2025-11-02
616,1178.0,P040,S05,5,2960.08,2025-08-03
617,1515.0,P024,S03,3,761.73,2024-08-13
618,1665.0,P014,S02,3,2364.08,2024-10-06
619,1485.0,P024,S02,9,4154.15,2026-05-06
620,841.0,P009,S02,3,739.75,2025-09-28
621,791.0,P066,S03,7,1469.77,2025-01-12
622,1421.0,P064,S01,7,3010.19,2026-03-15
623,1264.0,P048,S04,7,4296.92,2025-06-30
624,157.0,P041,S04,2,3714.2,2026-01-30
625,1245.0,P044,S01,10,1405.08,2025-07-18
626,959.0,P079,S05,5,3152.7,2025-01-01
627,1135.0,P015,S01,1,4807.45,2026-05-29
628,890.0,P039,S03,9,4825.0,2024-08-20
629,210.0,P028,S04,9,588.92,2024-10-02
630,775.0,P063,S04,5,2907.8,2024-07-20
631,1168.0,P040,S04,2,736.9,2025-06-14
632,1711.0,P013,S05,7,3956.31,2024-10-06
633,626.0,P013,S03,2,1299.3,2026-02-05
634,397.0,P096,S05,6,3436.25,2026-03-13
635,1818.0,P074,S04,3,1289.37,2025-01-16
636,1338.0,P051,S03,10,992.58,2026-03-27
637,1404.0,P052,S04,6,4529.44,2024-10-21
638,1862.0,P024,S01,3,4991.68,2026-05-26
639,1630.0,P070,S02,9,502.95,2025-10-06
640,221.0,P070,S03,9,2141.62,2025-05-25
641,125.0,P018,S01,5,3845.66,2026-03-13
642,1722.0,P057,S05,7,4066.66,2024-10-08
643,1805.0,P066,S05,8,2749.7,2025-10-18
644,1538.0,P046,S03,8,4032.92,2026-04-02
645,222.0,P001,S04,2,4701.8,2025-10-05
646,1426.0,P088,S03,4,1904.56,2026-02-16
647,84.0,P005,S05,8,2420.68,2026-01-19
648,408.0,P095,S03,7,3680.06,2026-01-10
649,1551.0,P083,S01,7,4207.86,2025-07-19
650,1850.0,P029,S05,6,2927.46,2024-08-02
651,1777.0,P003,S05,6,2631.57,2024-10-20
652,356.0,P015,S03,9,2734.19,2026-06-09
653,1903.0,P097,S05,6,4748.12,2026-05-11
654,1439.0,P055,S04,4,1768.82,2025-08-01
655,334.0,P007,S02,1,1801.2,2025-11-05
656,232.0,P046,S03,9,2704.89,2025-11-20
657,1566.0,P016,S01,3,1340.05,2024-08-11
658,334.0,P079,S05,2,3355.87,2026-05-10
659,1131.0,P040,S01,4,4442.17,2024-07-24
660,817.0,P093,S02,8,4591.58,2024-06-10
661,748.0,P005,S04,7,1112.7,2025-05-12
662,1564.0,P081,S05,8,1474.67,2026-04-06
663,15.0,P046,S02,1,2756.43,2025-09-17
664,44.0,P034,S04,1,4938.8,2024-10-31
665,1236.0,P021,S02,4,1016.05,2024-06-14
666,535.0,P014,S05,4,4707.15,2025-01-29
667,1599.0,P067,S02,2,4049.56,2024-08-02
668,594.0,P080,S02,4,1441.69,2026-03-02
669,698.0,P030,S01,9,4336.31,2026-06-07
670,1785.0,P035,S05,3,965.39,2025-01-17
671,1320.0,P086,S04,4,1367.78,2025-09-27
672,445.0,P044,S04,10,3275.24,2024-10-25
673,1847.0,P068,S01,7,2273.46,2026-02-07
674,1161.0,P021,S05,7,2380.75,2025-01-04
675,970.0,P025,S03,8,1201.18,2024-09-27
676,1512.0,P008,S01,10,3394.37,2026-03-29
677,63.0,P006,S05,7,3509.28,2025-05-24
678,1708.0,P015,S04,7,575.73,2025-05-07
679,1539.0,P013,S02,6,4969.33,2024-10-10
680,1847.0,P069,S01,6,4660.87,2025-03-17
681,1822.0,P057,S05,1,2187.04,2024-08-16
682,1295.0,P013,S05,4,3175.1,2025-01-04
683,660.0,P063,S05,3,4041.35,2025-07-20
684,1778.0,P020,S01,1,3635.52,2026-01-04
685,1673.0,P079,S02,9,3230.31,2025-03-07
686,257.0,P030,S05,8,926.41,2025-10-05
687,186.0,P048,S04,5,3046.87,2024-10-26
688,748.0,P068,S04,2,689.93,2025-05-02
689,1221.0,P040,S02,10,1859.98,2025-07-29
690,896.0,P029,S01,8,4219.94,2024-10-27
691,1323.0,P023,S02,10,1461.72,2024-09-08
692,1656.0,P015,S03,7,3064.71,2024-09-02
693,500.0,P082,S01,4,3300.38,2025-11-20
694,1329.0,P079,S03,8,967.59,2025-03-27
695,235.0,P009,S04,8,4547.76,2024-10-03
696,969.0,P039,S05,1,184.16,2025-06-03
697,666.0,P002,S03,7,4034.89,2024-11-28
698,137.0,P071,S05,1,2744.64,2025-06-03
699,108.0,P008,S05,7,3544.76,2025-06-16
700,1387.0,P071,S05,6,1693.9,2026-03-18
701,806.0,P078,S04,10,1088.23,2025-11-15
702,1952.0,P087,S03,3,4029.76,2026-03-22
703,568.0,P004,S05,5,2286.58,2025-07-31
704,1177.0,P026,S05,5,3104.7,2026-02-18
705,98.0,P028,S01,9,873.39,2026-05-06
706,353.0,P070,S02,3,2849.48,2025-12-30
707,779.0,P014,S05,6,3695.8,2024-11-16
708,1737.0,P034,S03,3,3665.43,2026-01-17
709,1765.0,P028,S05,7,4700.55,2025-10-26
710,918.0,P038,S04,6,1057.56,2026-03-06
711,896.0,P093,S04,6,1405.3,2025-09-05
712,1459.0,P028,S03,9,1880.47,2026-05-10
713,790.0,P095,S05,2,1743.74,2024-11-29
714,244.0,P069,S04,6,3639.15,2026-04-24
715,66.0,P100,S04,6,4861.14,2024-06-15
716,1184.0,P027,S05,10,2057.31,2024-12-23
717,107.0,P017,S05,6,3904.71,2025-10-27
718,1755.0,P073,S01,7,4207.36,2025-04-22
719,462.0,P002,S04,7,4789.05,2025-05-20
720,465.0,P085,S03,1,1776.45,2024-07-11
721,765.0,P032,S03,1,258.42,2025-10-13
722,832.0,P048,S01,6,2815.56,2024-09-24
723,591.0,P010,S01,6,2764.41,2025-05-29
724,623.0,P048,S02,2,1354.57,2025-08-21
725,255.0,P019,S03,6,2293.42,2024-09-21
726,1259.0,P041,S05,10,2640.94,2025-02-09
727,1892.0,P022,S01,1,3933.15,2024-09-04
728,936.0,P025,S03,2,2587.88,2025-07-13
729,149.0,P053,S01,2,791.64,2025-07-22
730,653.0,P081,S02,3,135.33,2025-01-31
731,1868.0,P056,S04,5,3586.9,2026-05-07
732,1223.0,P074,S04,2,420.49,2026-03-29
733,685.0,P069,S03,3,550.57,2025-07-15
734,454.0,P024,S02,5,1895.97,2024-08-25
735,737.0,P029,S04,9,4157.18,2024-08-29
736,435.0,P016,S04,6,986.99,2025-10-07
737,15.0,P053,S02,1,4824.07,2025-08-24
738,1326.0,P074,S03,7,4203.97,2024-07-08
739,1175.0,P049,S05,3,3443.15,2025-06-24
740,881.0,P047,S05,3,2399.99,2025-08-21
741,492.0,P037,S03,5,526.06,2025-07-16
742,1426.0,P096,S02,3,4806.75,2025-06-09
743,979.0,P067,S03,8,2047.04,2025-06-02
744,898.0,P030,S01,8,1913.41,2025-11-13
745,583.0,P040,S02,4,710.48,2025-10-19
746,1481.0,P063,S04,1,1496.39,2025-08-22
747,1269.0,P065,S02,1,1261.87,2025-06-02
748,690.0,P029,S02,7,2858.26,2025-12-14
749,1890.0,P024,S02,8,2435.57,2025-12-26
750,1711.0,P019,S05,8,2905.6,2024-08-29
751,1753.0,P083,S05,2,3562.31,2025-12-28
752,279.0,P097,S02,6,4344.22,2025-03-21
753,115.0,P004,S03,8,1978.51,2025-11-20
754,395.0,P080,S04,2,1634.63,2024-11-11
755,1516.0,P015,S05,7,414.73,2024-10-31
756,873.0,P042,S03,6,3902.21,2026-01-14
757,1833.0,P060,S04,2,2271.29,2026-04-15
758,608.0,P067,S01,2,2470.36,2024-07-22
759,1295.0,P068,S05,7,1797.75,2025-02-08
760,1826.0,P054,S03,5,1156.59,2025-12-23
761,1036.0,P001,S03,10,3780.96,2024-12-08
762,985.0,P073,S02,5,4783.33,2024-08-10
763,1246.0,P025,S04,7,4957.95,2026-04-15
764,58.0,P095,S03,6,591.66,2026-01-12
765,102.0,P050,S02,8,112.75,2025-08-27
766,884.0,P034,S04,8,180.3,2025-06-29
767,125.0,P094,S05,10,4633.69,2026-06-08
768,1456.0,P054,S03,10,1656.98,2025-11-13
769,989.0,P086,S03,9,3653.13,2026-05-04
770,1149.0,P072,S05,3,1384.54,2025-04-02
771,1651.0,P054,S04,4,2545.09,2026-02-16
772,348.0,P029,S01,1,433.23,2025-04-21
773,1768.0,P053,S03,9,1714.4,2026-02-24
774,1452.0,P056,S05,1,4963.66,2024-12-01
775,1609.0,P062,S05,2,3500.51,2024-10-24
776,1310.0,P023,S02,6,4561.89,2026-05-30
777,389.0,P014,S05,4,3792.88,2025-07-09
778,1927.0,P010,S03,7,1859.99,2025-03-12
779,28.0,P036,S01,7,2012.32,2025-01-12
780,1376.0,P032,S05,7,2335.97,2025-04-02
781,150.0,P098,S05,7,1885.63,2024-12-09
782,1089.0,P097,S01,6,1707.13,2026-03-19
783,875.0,P053,S04,1,2891.62,2025-09-06
784,556.0,P012,S03,7,2271.34,2025-03-10
785,1043.0,P083,S03,5,2175.62,2025-01-12
786,1650.0,P018,S03,6,3863.29,2026-05-21
787,1949.0,P057,S04,6,2023.29,2024-08-16
788,315.0,P062,S03,10,153.31,2025-09-22
789,1077.0,P060,S02,6,1440.09,2026-01-28
790,1083.0,P028,S01,3,199.6,2025-03-25
791,662.0,P049,S03,8,3160.62,2025-08-19
792,1442.0,P089,S03,1,4204.62,2025-08-02
793,1559.0,P063,S05,8,3623.82,2025-11-21
794,331.0,P081,S03,7,1179.48,2024-12-16
795,1050.0,P017,S04,3,160.79,2025-08-15
796,1213.0,P086,S05,4,4721.56,2025-11-11
797,1978.0,P098,S04,4,4031.68,2024-08-10
798,323.0,P017,S01,10,548.38,2025-11-18
799,1544.0,P022,S02,10,4450.18,2026-04-10
800,340.0,P017,S02,8,3303.89,2025-01-01
801,545.0,P032,S01,6,1342.36,2024-11-13
802,1385.0,P009,S04,10,954.99,2025-12-25
803,625.0,P016,S04,5,1023.2,2025-11-28
804,1653.0,P052,S02,9,1194.93,2025-06-18
805,1730.0,P062,S04,9,104.04,2026-03-26
806,1079.0,P028,S03,2,4757.71,2025-03-26
807,639.0,P100,S03,2,4852.82,2025-03-18
808,544.0,P094,S01,2,2412.85,2024-07-13
809,1587.0,P039,S01,10,3357.93,2025-12-23
810,14.0,P033,S03,1,4712.46,2024-09-27
811,216.0,P009,S02,2,854.4,2025-10-07
812,1981.0,P087,S05,3,1917.89,2026-04-06
813,732.0,P022,S05,1,1188.86,2026-03-02
814,1277.0,P087,S02,1,1478.31,2024-09-11
815,1483.0,P053,S05,4,2258.36,2025-09-24
816,1529.0,P004,S05,7,1105.33,2025-04-14
817,163.0,P071,S03,8,1881.15,2026-01-29
818,1737.0,P012,S03,5,2708.16,2025-06-05
819,1569.0,P068,S05,4,641.96,2026-06-03
820,847.0,P017,S01,2,4714.21,2025-10-15
821,1631.0,P068,S01,9,169.87,2026-01-11
822,1669.0,P001,S01,7,4593.62,2026-04-24
823,1916.0,P068,S02,8,1307.4,2025-01-27
824,1857.0,P031,S02,10,888.21,2024-07-15
825,1767.0,P050,S01,1,4806.82,2024-12-27
826,1448.0,P004,S02,1,458.91,2024-06-29
827,70.0,P013,S04,6,3841.03,2025-11-04
828,1368.0,P094,S05,5,664.49,2025-12-16
829,1757.0,P026,S02,2,393.72,2024-06-18
830,1559.0,P012,S05,5,2340.84,2024-06-12
831,1696.0,P021,S03,9,590.88,2026-01-08
832,420.0,P080,S03,8,3686.45,2024-07-16
833,952.0,P013,S04,2,3617.07,2026-02-02
834,1681.0,P001,S02,9,3232.14,2024-10-15
835,1686.0,P051,S01,1,4763.69,2025-06-17
836,1652.0,P060,S02,8,1986.33,2025-12-15
837,785.0,P047,S03,8,4117.2,2025-01-24
838,1122.0,P020,S05,9,1949.11,2024-06-24
839,473.0,P057,S05,10,291.29,2025-08-22
840,1319.0,P073,S01,1,3336.28,2024-12-26
841,1645.0,P036,S03,2,267.12,2025-06-10
842,915.0,P069,S05,8,3502.03,2026-03-10
843,1665.0,P073,S05,7,2487.09,2025-12-01
844,820.0,P016,S05,4,1309.97,2025-04-22
845,88.0,P071,S03,2,2786.7,2024-10-16
846,1561.0,P029,S04,10,4109.29,2025-07-15
847,1839.0,P062,S04,3,3583.65,2024-08-29
848,665.0,P058,S02,10,4913.41,2025-11-01
849,1443.0,P091,S05,8,3107.0,2025-07-03
850,200.0,P089,S03,4,669.41,2025-09-06
851,834.0,P045,S04,3,3062.67,2025-05-20
852,899.0,P083,S01,3,3495.42,2025-09-16
853,637.0,P095,S03,6,2554.85,2024-07-30
854,650.0,P088,S02,1,4376.11,2025-04-20
855,576.0,P002,S05,7,1914.53,2024-10-14
856,1075.0,P048,S05,3,3514.01,2025-11-25
857,895.0,P017,S01,4,679.24,2024-09-10
858,933.0,P046,S05,9,3855.46,2024-09-24
859,1453.0,P043,S05,4,3471.61,2026-01-17
860,879.0,P019,S02,10,2645.76,2024-12-05
861,910.0,P005,S01,10,1964.6,2025-05-01
862,995.0,P015,S04,2,1213.52,2025-11-21
863,1643.0,P066,S01,8,2845.43,2025-03-09
864,794.0,P050,S05,4,3002.26,2024-09-19
865,1179.0,P094,S02,6,4593.07,2024-12-12
866,1892.0,P022,S02,6,4711.58,2024-12-29
867,152.0,P024,S03,5,3065.86,2024-11-17
868,656.0,P100,S04,6,2683.3,2024-08-10
869,1489.0,P053,S02,9,1438.84,2025-08-15
870,1710.0,P028,S03,1,4727.32,2025-06-04
871,733.0,P024,S05,2,4956.36,2025-06-29
872,1343.0,P088,S05,9,355.17,2026-01-14
873,1679.0,P098,S05,9,1386.92,2025-11-18
874,729.0,P059,S03,6,2000.88,2025-12-26
875,883.0,P016,S03,4,4788.72,2024-06-30
876,644.0,P086,S01,1,2092.88,2025-09-06
877,1037.0,P074,S04,1,437.5,2024-06-14
878,1432.0,P044,S02,7,3503.82,2026-01-15
879,847.0,P048,S03,10,3969.26,2024-12-05
880,1795.0,P050,S01,9,2431.71,2025-01-04
881,884.0,P002,S03,7,4900.8,2024-08-25
882,821.0,P028,S05,1,1967.64,2026-02-06
883,127.0,P047,S05,4,674.96,2024-12-12
884,923.0,P068,S02,7,3260.88,2025-06-29
885,1156.0,P008,S03,5,2658.39,2025-06-14
886,237.0,P083,S05,6,1613.49,2025-01-28
887,1649.0,P078,S01,4,1992.57,2026-06-01
888,1326.0,P010,S03,1,4068.61,2025-12-15
889,1763.0,P018,S03,5,218.98,2024-07-25
890,938.0,P004,S05,10,1881.38,2024-06-17
891,1868.0,P099,S01,3,1674.19,2024-06-14
892,1468.0,P094,S04,9,525.98,2025-05-01
893,188.0,P069,S01,2,1288.47,2024-12-04
894,257.0,P015,S04,8,1413.39,2026-02-25
895,627.0,P078,S04,4,2793.18,2026-01-10
896,566.0,P028,S02,3,2599.36,2026-05-23
897,1021.0,P056,S01,10,2105.81,2026-01-07
898,873.0,P066,S04,3,3904.85,2026-02-06
899,1179.0,P049,S03,7,3092.68,2025-08-19
900,1825.0,P042,S05,7,838.87,2026-03-26
901,353.0,P041,S05,9,3739.94,2025-03-17
902,870.0,P083,S04,1,1233.67,2026-05-17
903,1877.0,P096,S05,2,4826.44,2024-08-01
904,237.0,P076,S04,2,2597.57,2025-11-07
905,1439.0,P007,S04,7,4087.62,2024-12-08
906,1595.0,P032,S04,9,1316.17,2026-02-18
907,1640.0,P029,S03,2,2266.05,2026-02-10
908,1522.0,P061,S02,1,2476.87,2024-12-06
909,1772.0,P003,S04,9,828.43,2026-04-01
910,1115.0,P085,S01,7,4580.72,2025-04-30
911,1872.0,P080,S03,4,3185.94,2026-02-11
912,381.0,P029,S02,7,607.45,2025-11-02
913,1780.0,P033,S05,6,2129.97,2024-12-13
914,66.0,P037,S04,1,4151.44,2026-02-20
915,1786.0,P033,S04,5,446.25,2025-09-14
916,595.0,P002,S02,5,4063.39,2025-05-31
917,1848.0,P005,S04,4,2461.74,2024-07-13
918,820.0,P049,S02,4,1484.16,2025-01-01
919,73.0,P017,S05,8,238.33,2026-05-29
920,185.0,P005,S05,4,2246.65,2025-02-06
921,1313.0,P042,S01,2,4144.14,2025-05-22
922,1664.0,P037,S01,8,4383.2,2025-05-06
923,1355.0,P083,S03,7,987.5,2024-08-25
924,427.0,P062,S01,8,4019.35,2024-06-11
925,657.0,P025,S03,9,4631.21,2025-06-15
926,812.0,P068,S04,9,2297.27,2024-06-10
927,670.0,P007,S04,4,578.99,2024-09-17
928,1891.0,P098,S05,2,1364.86,2024-09-25
929,577.0,P033,S04,10,3236.66,2024-08-25
930,1689.0,P018,S05,2,3641.41,2024-09-28
931,1604.0,P041,S03,10,4192.62,2025-05-23
932,787.0,P014,S05,5,2172.14,2024-12-27
933,761.0,P018,S03,8,3140.16,2024-10-19
934,1136.0,P019,S01,3,985.49,2026-03-06
935,1796.0,P095,S04,3,4974.67,2024-07-20
936,1025.0,P030,S02,6,1316.9,2024-08-13
937,1877.0,P027,S01,2,3747.45,2024-10-11
938,1045.0,P005,S01,6,3932.98,2025-09-22
939,283.0,P084,S03,10,1949.41,2024-11-18
940,62.0,P017,S04,4,2240.75,2026-02-03
941,1338.0,P079,S03,3,3708.52,2026-03-19
942,1618.0,P021,S02,10,3494.61,2025-06-24
943,386.0,P020,S03,6,2272.75,2024-11-21
944,761.0,P002,S05,4,2168.28,2025-04-03
945,1135.0,P057,S04,9,4030.14,2025-01-24
946,1514.0,P016,S02,5,2847.42,2025-04-22
947,1310.0,P096,S05,3,3074.88,2025-06-21
948,688.0,P038,S05,6,3051.47,2026-02-14
949,1173.0,P040,S01,8,3772.33,2026-03-01
950,1109.0,P053,S03,2,940.09,2026-06-07
951,1357.0,P065,S01,8,3101.04,2025-07-31
952,1268.0,P082,S03,9,4296.88,2026-03-28
953,355.0,P094,S02,1,161.43,2024-07-01
954,422.0,P074,S02,8,3491.6,2024-12-04
955,1274.0,P092,S04,10,3753.66,2026-04-04
956,751.0,P057,S05,10,4695.71,2026-03-25
957,713.0,P012,S05,9,649.52,2025-12-03
958,15.0,P033,S02,1,2439.86,2025-09-18
959,19.0,P008,S03,9,2229.66,2024-06-15
960,1182.0,P059,S02,6,393.18,2025-04-21
961,897.0,P069,S01,2,296.99,2024-12-12
962,1717.0,P002,S01,7,108.15,2024-11-19
963,709.0,P099,S01,1,1822.26,2025-12-16
964,112.0,P100,S01,3,2639.63,2026-05-06
965,92.0,P076,S01,1,3296.41,2025-05-23
966,970.0,P048,S04,3,4329.54,2025-08-31
967,380.0,P040,S02,10,3454.36,2025-02-06
968,261.0,P096,S03,9,4542.65,2024-09-10
969,680.0,P090,S02,6,812.35,2025-03-31
970,1454.0,P067,S03,3,260.86,2025-12-04
971,1886.0,P047,S05,2,1217.07,2025-09-28
972,354.0,P001,S04,10,3385.65,2024-06-27
973,808.0,P002,S01,6,530.62,2024-12-26
974,715.0,P098,S01,10,3116.91,2025-04-05
975,719.0,P018,S04,6,3768.69,2025-11-13
976,30.0,P097,S04,4,4650.35,2024-11-09
977,301.0,P053,S03,9,1993.91,2025-08-03
978,1540.0,P059,S04,7,2959.79,2025-02-28
979,998.0,P039,S01,1,842.23,2024-09-23
980,1920.0,P046,S05,6,3618.35,2025-10-05
981,1645.0,P085,S01,8,812.44,2024-10-19
982,1538.0,P040,S05,10,227.92,2024-06-16
983,1840.0,P070,S01,5,3416.7,2024-08-22
984,111.0,P011,S04,3,4758.86,2024-08-12
985,1012.0,P066,S05,5,1592.61,2025-05-15
986,836.0,P094,S02,2,653.38,2024-08-18
987,1041.0,P094,S02,6,2837.61,2025-09-23
988,246.0,P055,S04,2,522.81,2026-03-03
989,667.0,P037,S01,4,2831.47,2024-10-06
990,588.0,P030,S02,1,3495.37,2026-02-17
991,1126.0,P070,S02,5,4426.66,2026-02-25
992,1642.0,P054,S01,5,1788.28,2024-06-10
993,1033.0,P031,S01,9,1671.04,2025-01-16
994,677.0,P014,S02,2,1315.87,2025-06-14
995,277.0,P095,S05,1,4699.73,2025-09-20
996,697.0,P087,S01,8,1521.85,2026-01-19
997,816.0,P034,S02,9,3315.81,2025-04-30
998,1733.0,P093,S02,6,4598.33,2026-05-06
999,1412.0,P009,S01,4,3586.61,2025-11-11
1000,532.0,P031,S04,5,4697.37,2024-10-26
1001,1388.0,P077,S04,9,4674.78,2024-08-02
1002,1037.0,P067,S01,7,3373.43,2025-03-06
1003,691.0,P056,S03,7,1911.56,2024-12-24
1004,69.0,P072,S04,6,4789.48,2025-02-11
1005,782.0,P083,S05,7,3461.98,2024-12-21
1006,1352.0,P018,S05,5,3360.16,2026-02-18
1007,210.0,P028,S01,3,2753.15,2025-07-23
1008,1328.0,P036,S01,9,2777.76,2025-05-21
1009,803.0,P075,S02,7,1301.26,2025-09-07
1010,64.0,P001,S02,9,4905.02,2025-01-25
1011,733.0,P006,S05,9,2001.67,2024-08-04
1012,1639.0,P080,S01,1,3289.72,2026-05-04
1013,431.0,P096,S04,4,2298.46,2025-03-02
1014,608.0,P064,S02,5,2713.67,2025-01-13
1015,1828.0,P039,S03,7,786.03,2024-12-05
1016,2000.0,P053,S05,7,1646.91,2026-02-12
1017,158.0,P006,S01,8,1965.06,2026-01-31
1018,1147.0,P015,S04,10,3038.31,2024-07-07
1019,499.0,P089,S01,9,2321.66,2025-07-01
1020,1647.0,P049,S05,10,4674.6,2025-03-17
1021,1425.0,P038,S03,1,4471.42,2026-05-09
1022,64.0,P084,S01,7,676.48,2025-01-29
1023,1068.0,P060,S05,2,2138.7,2025-01-29
1024,1772.0,P023,S02,10,138.36,2025-02-07
1025,1749.0,P054,S05,3,3200.0,2026-01-29
1026,886.0,P010,S04,2,3750.46,2025-07-25
1027,1527.0,P098,S04,4,4262.51,2026-03-10
1028,1273.0,P011,S03,2,4787.19,2025-12-29
1029,1164.0,P056,S04,4,485.26,2025-11-23
1030,1989.0,P099,S04,10,1726.02,2024-07-14
1031,1801.0,P064,S04,3,661.09,2024-09-11
1032,1752.0,P058,S01,8,1383.06,2025-07-30
1033,812.0,P089,S01,6,390.59,2025-06-08
1034,107.0,P038,S03,1,2716.7,2025-01-30
1035,1628.0,P066,S02,8,1149.14,2026-02-17
1036,1445.0,P016,S04,10,3398.88,2026-02-28
1037,1884.0,P097,S03,6,3660.78,2024-06-29
1038,607.0,P016,S03,9,4202.65,2025-09-14
1039,1068.0,P016,S01,4,3994.45,2025-12-03
1040,1189.0,P074,S05,8,535.6,2025-06-21
1041,120.0,P003,S03,1,2357.17,2025-07-16
1042,638.0,P021,S03,3,2696.86,2024-08-14
1043,210.0,P023,S04,1,1428.55,2025-04-20
1044,1784.0,P038,S05,9,2079.57,2024-08-15
1045,1414.0,P041,S05,4,4595.52,2026-02-14
1046,1299.0,P021,S04,4,2736.61,2026-06-02
1047,162.0,P091,S04,7,3032.08,2025-02-04
1048,1040.0,P014,S05,8,2067.37,2026-04-24
1049,914.0,P085,S03,4,4879.26,2025-10-01
1050,1560.0,P077,S04,2,2792.87,2025-02-09
1051,252.0,P097,S04,5,4526.53,2026-03-17
1052,775.0,P099,S02,7,4006.15,2026-03-28
1053,1380.0,P090,S03,9,2251.93,2026-04-20
1054,1235.0,P061,S02,6,4162.98,2024-08-31
1055,577.0,P053,S04,6,162.1,2025-02-10
1056,1977.0,P052,S03,10,3001.25,2026-03-20
1057,272.0,P032,S04,2,2814.84,2024-09-23
1058,228.0,P022,S02,10,217.69,2025-04-09
1059,1827.0,P046,S04,6,3321.19,2024-10-07
1060,605.0,P067,S01,8,3138.44,2026-01-29
1061,146.0,P025,S05,8,4799.13,2025-05-31
1062,1124.0,P049,S05,2,1740.89,2026-02-12
1063,884.0,P054,S04,3,3648.02,2026-02-18
1064,1606.0,P021,S05,6,4898.8,2025-01-06
1065,405.0,P046,S05,1,2687.51,2026-04-18
1066,1039.0,P016,S05,3,4820.97,2025-03-17
1067,117.0,P053,S05,8,2811.34,2026-02-11
1068,1254.0,P014,S05,8,2450.77,2024-09-27
1069,1450.0,P033,S05,3,2148.83,2025-05-18
1070,157.0,P032,S05,3,241.2,2025-12-12
1071,1234.0,P034,S05,1,2352.11,2026-02-16
1072,1339.0,P077,S02,9,4601.73,2025-04-26
1073,1004.0,P008,S04,6,3155.03,2025-08-26
1074,1234.0,P039,S05,1,4377.55,2025-07-29
1075,195.0,P100,S04,2,2861.85,2025-01-22
1076,1468.0,P015,S05,3,4257.22,2026-02-08
1077,1572.0,P035,S03,1,3250.45,2024-07-13
1078,1728.0,P069,S01,6,3179.91,2026-02-09
1079,1582.0,P014,S03,8,420.38,2025-10-11
1080,61.0,P061,S04,1,942.08,2025-11-12
1081,525.0,P075,S03,4,3009.83,2025-02-13
1082,1747.0,P083,S01,4,4221.69,2025-05-26
1083,789.0,P024,S05,10,2223.42,2025-02-15
1084,1614.0,P038,S04,7,2304.83,2025-09-08
1085,866.0,P027,S02,1,1975.66,2025-11-16
1086,1872.0,P044,S04,10,4467.04,2025-11-20
1087,134.0,P098,S04,1,2708.3,2026-04-14
1088,275.0,P021,S02,6,3316.35,2025-04-15
1089,1989.0,P066,S01,5,4717.3,2025-05-25
1090,128.0,P088,S04,3,1852.39,2025-05-24
1091,200.0,P084,S02,10,2845.92,2024-10-23
1092,842.0,P065,S04,7,363.44,2026-04-25
1093,1725.0,P040,S04,7,4158.06,2025-04-11
1094,342.0,P059,S05,4,4216.3,2025-11-04
1095,1549.0,P091,S03,5,752.58,2025-10-26
1096,1336.0,P011,S03,4,2175.43,2026-03-18
1097,1999.0,P004,S04,10,3048.41,2024-08-31
1098,1908.0,P077,S01,10,1901.69,2025-04-11
1099,681.0,P023,S04,5,3776.21,2024-09-02
1100,376.0,P070,S01,5,2259.84,2025-02-13
1101,482.0,P003,S04,6,270.95,2025-03-16
1102,1724.0,P060,S05,2,4029.5,2025-12-19
1103,179.0,P058,S02,2,1886.11,2026-04-30
1104,1383.0,P005,S05,8,4783.81,2025-04-13
1105,1761.0,P021,S03,5,2717.6,2024-10-12
1106,1818.0,P048,S03,3,1200.41,2025-04-07
1107,322.0,P063,S04,3,4098.43,2026-05-05
1108,24.0,P030,S02,10,4562.53,2024-07-03
1109,976.0,P007,S03,8,226.45,2024-12-09
1110,998.0,P046,S03,8,932.46,2024-11-20
1111,1653.0,P098,S03,4,4660.69,2024-07-14
1112,256.0,P033,S05,9,3150.94,2026-06-09
1113,1283.0,P029,S04,7,4906.27,2025-08-14
1114,504.0,P033,S01,5,1642.89,2025-10-11
1115,259.0,P058,S01,2,3513.52,2025-03-27
1116,1184.0,P058,S04,10,2508.88,2024-07-13
1117,117.0,P067,S02,9,4477.78,2026-04-05
1118,682.0,P057,S02,10,259.26,2026-05-12
1119,1455.0,P014,S05,7,220.84,2026-01-26
1120,330.0,P028,S01,2,268.99,2024-06-13
1121,1202.0,P070,S02,9,2906.69,2025-07-10
1122,677.0,P064,S05,7,4336.92,2024-09-22
1123,1898.0,P091,S01,7,2683.8,2025-11-23
1124,1063.0,P089,S03,9,1376.44,2025-02-05
1125,1619.0,P078,S04,10,1820.33,2026-02-18
1126,805.0,P093,S05,1,3241.53,2025-04-06
1127,87.0,P089,S02,4,2280.92,2025-03-04
1128,1656.0,P088,S05,6,1967.98,2025-09-24
1129,1981.0,P087,S05,3,238.87,2025-08-12
1130,724.0,P032,S02,8,1843.39,2024-07-17
1131,416.0,P076,S01,7,173.41,2024-11-24
1132,871.0,P040,S01,2,3096.61,2025-10-04
1133,1567.0,P019,S02,5,3801.76,2024-12-24
1134,1815.0,P013,S03,3,3110.71,2025-04-03
1135,103.0,P037,S03,10,4294.35,2024-09-23
1136,938.0,P019,S05,8,740.81,2025-07-09
1137,268.0,P056,S02,7,4011.72,2025-04-14
1138,1889.0,P059,S01,5,1939.77,2025-11-14
1139,1586.0,P096,S03,4,4108.79,2026-05-10
1140,427.0,P001,S05,4,1912.07,2025-12-27
1141,1773.0,P031,S01,7,3887.37,2025-08-25
1142,694.0,P086,S04,8,3737.05,2025-07-18
1143,1712.0,P044,S05,2,4377.17,2025-05-17
1144,1728.0,P019,S03,8,3770.68,2026-01-11
1145,1644.0,P010,S02,9,2296.53,2025-08-09
1146,1627.0,P033,S03,5,2798.9,2025-05-01
1147,502.0,P053,S03,2,3106.43,2024-06-23
1148,1316.0,P031,S05,3,3861.59,2024-12-11
1149,1066.0,P077,S03,3,4709.98,2024-11-08
1150,625.0,P026,S05,7,4356.37,2025-04-02
1151,163.0,P061,S02,8,4624.09,2025-11-05
1152,1572.0,P054,S04,7,3027.87,2026-01-07
1153,1624.0,P095,S01,3,2419.17,2024-06-29
1154,1077.0,P077,S01,10,2512.49,2025-02-28
1155,989.0,P046,S04,8,4783.22,2024-06-20
1156,554.0,P025,S02,8,4161.49,2026-04-24
1157,1705.0,P025,S04,5,208.89,2024-12-18
1158,791.0,P071,S05,8,2425.79,2024-10-18
1159,333.0,P037,S01,6,4651.41,2026-03-26
1160,300.0,P096,S01,4,442.15,2025-05-22
1161,459.0,P070,S02,7,1835.03,2026-04-27
1162,1280.0,P057,S02,1,4556.09,2025-04-23
1163,1060.0,P066,S04,2,4847.95,2025-08-27
1164,1784.0,P010,S04,8,1879.33,2025-05-25
1165,500.0,P005,S05,4,2919.2,2026-06-08
1166,962.0,P089,S02,9,1293.28,2024-09-27
1167,1728.0,P063,S05,6,1545.07,2025-11-03
1168,438.0,P044,S01,2,2261.81,2025-05-09
1169,1718.0,P037,S02,1,3619.76,2026-01-02
1170,138.0,P028,S04,9,2348.51,2024-09-07
1171,493.0,P050,S02,3,261.46,2024-06-18
1172,597.0,P082,S04,4,2273.24,2024-08-16
1173,1442.0,P031,S02,10,4874.52,2024-11-28
1174,170.0,P093,S03,10,4302.24,2025-11-11
1175,1317.0,P063,S02,3,4893.46,2024-07-28
1176,116.0,P023,S02,2,4935.1,2024-10-29
1177,408.0,P004,S03,2,591.78,2025-08-17
1178,819.0,P048,S05,8,141.85,2025-11-24
1179,46.0,P060,S05,6,3362.77,2026-05-21
1180,1008.0,P047,S02,5,4489.02,2025-08-03
1181,1095.0,P005,S04,10,2826.46,2025-01-13
1182,1966.0,P041,S05,8,3432.22,2025-12-17
1183,883.0,P040,S05,10,3558.26,2025-01-12
1184,1197.0,P056,S02,3,2150.76,2025-04-17
1185,865.0,P019,S01,7,2612.97,2026-04-20
1186,484.0,P083,S05,2,364.81,2025-08-15
1187,1923.0,P054,S01,10,3717.46,2026-03-22
1188,1359.0,P076,S02,3,2565.04,2025-04-15
1189,1433.0,P014,S01,9,3160.68,2024-07-13
1190,330.0,P019,S05,8,2817.12,2025-08-16
1191,1046.0,P022,S02,7,697.07,2025-06-07
1192,564.0,P037,S01,5,820.27,2024-07-16
1193,1083.0,P014,S03,1,284.56,2025-02-10
1194,1075.0,P084,S02,4,2179.46,2024-06-09
1195,1656.0,P001,S02,4,3262.8,2025-03-06
1196,259.0,P053,S05,10,2972.96,2026-04-05
1197,1567.0,P011,S02,7,1617.91,2026-01-01
1198,1228.0,P013,S04,9,3205.33,2024-06-18
1199,966.0,P055,S03,6,3184.23,2024-11-07
1200,1554.0,P016,S05,7,2460.42,2025-08-07
1201,1870.0,P040,S01,1,3728.74,2025-08-25
1202,1033.0,P041,S03,3,100.62,2025-11-19
1203,354.0,P024,S02,6,3710.03,2025-08-06
1204,889.0,P055,S04,3,1286.11,2026-02-10
1205,40.0,P042,S04,9,3444.19,2025-03-23
1206,624.0,P066,S03,3,4915.5,2025-11-20
1207,1698.0,P035,S02,1,257.31,2024-07-29
1208,1996.0,P050,S04,7,1959.99,2025-08-03
1209,303.0,P088,S05,8,3262.21,2025-04-24
1210,575.0,P035,S05,6,793.91,2025-12-28
1211,1186.0,P090,S01,7,167.59,2024-08-07
1212,44.0,P092,S03,7,2457.1,2024-06-10
1213,1534.0,P041,S05,1,4458.08,2024-08-08
1214,1502.0,P056,S04,3,3800.25,2026-02-28
1215,1137.0,P009,S05,7,252.0,2025-01-25
1216,903.0,P067,S05,7,2322.2,2025-12-24
1217,1369.0,P054,S04,7,3856.75,2026-05-19
1218,1131.0,P030,S03,5,4209.83,2026-01-07
1219,442.0,P075,S04,5,1825.57,2024-12-23
1220,474.0,P017,S05,7,597.29,2024-11-21
1221,792.0,P032,S01,1,3857.4,2026-05-15
1222,1275.0,P067,S04,3,4899.99,2025-11-13
1223,1267.0,P003,S01,8,1429.57,2024-09-05
1224,927.0,P033,S03,5,937.63,2026-05-22
1225,1850.0,P070,S04,6,1976.56,2025-05-21
1226,772.0,P008,S02,6,794.95,2026-06-09
1227,184.0,P043,S05,2,1172.82,2025-04-25
1228,242.0,P026,S04,10,320.45,2024-07-21
1229,1204.0,P043,S03,5,3686.67,2025-04-02
1230,813.0,P078,S04,9,1250.92,2025-09-11
1231,1317.0,P052,S01,9,3144.38,2024-10-25
1232,1960.0,P012,S02,6,4136.74,2025-06-11
1233,332.0,P034,S04,4,4443.58,2026-03-05
1234,485.0,P029,S02,2,3381.82,2026-03-31
1235,577.0,P061,S02,3,4419.24,2024-10-10
1236,1302.0,P016,S04,2,3532.47,2024-11-04
1237,1720.0,P066,S04,5,767.82,2025-01-12
1238,921.0,P099,S03,1,4981.51,2026-03-19
1239,879.0,P042,S01,1,3129.27,2025-09-18
1240,765.0,P058,S03,3,3428.51,2026-05-16
1241,568.0,P035,S05,7,2455.26,2025-09-30
1242,588.0,P033,S01,4,3084.64,2025-02-11
1243,1919.0,P008,S03,6,4112.27,2026-02-25
1244,1746.0,P007,S05,4,4756.78,2024-09-10
1245,1938.0,P007,S05,5,3953.91,2025-10-09
1246,1494.0,P054,S04,4,116.66,2025-11-20
1247,218.0,P023,S05,10,2394.35,2024-09-16
1248,909.0,P052,S05,1,2081.01,2025-05-17
1249,324.0,P079,S01,10,4423.81,2025-11-29
1250,88.0,P041,S05,3,1460.02,2025-05-07
1251,1865.0,P040,S03,2,3339.52,2025-08-11
1252,599.0,P004,S04,8,4607.55,2024-06-12
1253,1783.0,P099,S03,5,2684.74,2026-05-31
1254,597.0,P094,S05,3,4253.57,2026-01-05
1255,115.0,P074,S01,1,381.54,2025-09-03
1256,1758.0,P071,S02,4,3062.28,2024-08-28
1257,1631.0,P058,S05,3,4842.71,2025-03-12
1258,1987.0,P006,S02,3,4600.78,2024-11-05
1259,1555.0,P011,S03,4,4630.23,2025-05-26
1260,630.0,P008,S03,10,1337.5,2024-06-11
1261,1328.0,P033,S04,2,3734.77,2024-08-06
1262,108.0,P022,S05,8,2174.77,2024-10-15
1263,1488.0,P035,S04,7,4976.3,2026-06-07
1264,371.0,P020,S02,2,706.78,2024-06-19
1265,695.0,P068,S02,4,713.95,2024-08-01
1266,345.0,P064,S03,6,844.08,2024-06-21
1267,152.0,P036,S03,10,4820.1,2025-12-03
1268,874.0,P080,S01,2,4065.41,2025-12-07
1269,1179.0,P065,S04,1,3756.62,2025-07-29
1270,1826.0,P100,S05,6,4946.75,2025-11-08
1271,573.0,P073,S04,6,3922.56,2025-09-06
1272,1498.0,P040,S04,10,1147.72,2024-10-28
1273,81.0,P044,S02,6,261.97,2024-09-15
1274,1116.0,P005,S04,2,2814.59,2025-12-01
1275,1724.0,P048,S04,3,4860.38,2024-10-27
1276,1144.0,P049,S02,9,2702.9,2024-06-18
1277,1518.0,P006,S02,9,4493.74,2024-11-09
1278,22.0,P029,S01,2,2219.72,2026-02-16
1279,563.0,P100,S03,7,4886.89,2026-01-28
1280,1291.0,P001,S05,2,1680.21,2025-12-04
1281,42.0,P084,S04,3,2135.67,2024-09-23
1282,1235.0,P051,S01,5,2887.22,2026-03-26
1283,1824.0,P091,S05,8,1799.93,2025-05-22
1284,1888.0,P051,S03,3,346.52,2025-03-12
1285,1543.0,P010,S04,10,4891.1,2025-02-08
1286,530.0,P067,S04,5,4729.57,2026-01-25
1287,752.0,P068,S01,2,4593.33,2024-10-28
1288,742.0,P068,S05,6,2434.74,2025-06-22
1289,1253.0,P094,S03,3,3692.28,2025-11-24
1290,1535.0,P071,S02,8,1169.97,2025-08-04
1291,1551.0,P092,S01,10,4228.4,2024-08-11
1292,1067.0,P047,S02,1,2161.29,2024-06-12
1293,1453.0,P085,S04,4,2874.07,2025-08-25
1294,1019.0,P066,S03,9,3609.2,2024-10-18
1295,211.0,P025,S01,9,1196.69,2025-04-03
1296,1161.0,P025,S04,9,4535.26,2024-09-12
1297,1437.0,P094,S04,8,1594.79,2025-03-05
1298,890.0,P085,S05,3,1127.01,2026-05-04
1299,1169.0,P041,S05,8,4403.2,2026-03-05
1300,1968.0,P075,S05,8,4169.69,2025-09-26
1301,807.0,P001,S05,4,2020.85,2025-05-25
1302,1652.0,P079,S02,1,2581.81,2025-08-18
1303,1001.0,P029,S04,6,4715.22,2025-05-05
1304,1568.0,P074,S05,9,3088.47,2024-07-07
1305,121.0,P024,S04,8,1886.39,2024-12-13
1306,1048.0,P016,S04,4,1708.52,2026-03-19
1307,267.0,P041,S05,7,3097.18,2026-01-05
1308,629.0,P005,S02,7,446.48,2025-05-14
1309,1461.0,P011,S02,8,1262.64,2025-02-22
1310,1841.0,P070,S04,3,1125.39,2026-01-22
1311,301.0,P083,S02,2,3483.14,2026-01-05
1312,1948.0,P089,S05,10,3504.72,2026-04-08
1313,794.0,P088,S05,6,1444.39,2026-04-07
1314,1633.0,P057,S05,1,3562.89,2025-03-13
1315,1396.0,P054,S02,10,4085.54,2025-07-05
1316,1923.0,P053,S04,6,2557.61,2025-11-28
1317,1579.0,P052,S02,5,3352.95,2024-09-27
1318,563.0,P056,S01,10,2869.78,2024-12-05
1319,1910.0,P055,S01,6,2141.68,2025-10-08
1320,981.0,P031,S01,3,4398.95,2025-11-12
1321,1955.0,P088,S04,10,4919.07,2025-05-28
1322,1620.0,P078,S01,4,1540.13,2026-04-05
1323,304.0,P009,S03,6,364.33,2026-03-30
1324,1581.0,P075,S05,2,4957.53,2025-04-23
1325,563.0,P071,S04,3,3214.99,2026-01-22
1326,1663.0,P021,S04,2,1958.87,2025-01-05
1327,1102.0,P003,S01,3,4470.56,2025-11-18
1328,649.0,P061,S02,2,255.91,2025-07-11
1329,1770.0,P004,S01,9,880.53,2025-07-24
1330,440.0,P079,S01,6,1850.57,2025-07-26
1331,571.0,P077,S02,3,2312.89,2025-12-02
1332,544.0,P022,S01,5,3961.98,2026-01-05
1333,1260.0,P034,S05,1,3331.15,2026-03-03
1334,489.0,P075,S04,2,152.04,2024-09-19
1335,924.0,P095,S02,7,4381.2,2025-12-15
1336,1617.0,P023,S04,9,1707.02,2024-08-12
1337,981.0,P023,S01,1,980.47,2025-02-05
1338,114.0,P027,S04,9,4936.69,2025-11-23
1339,1544.0,P012,S05,8,2646.54,2026-01-09
1340,1831.0,P023,S04,2,2516.55,2024-11-26
1341,1632.0,P008,S03,6,1383.91,2025-03-17
1342,1586.0,P026,S01,4,4561.35,2024-08-13
1343,1469.0,P063,S01,2,4226.09,2025-11-24
1344,1484.0,P070,S05,1,4869.0,2025-03-08
1345,1298.0,P061,S01,8,1190.62,2024-11-24
1346,1022.0,P078,S05,7,3757.95,2025-01-08
1347,241.0,P037,S04,6,1661.54,2024-07-21
1348,1790.0,P098,S05,10,765.25,2025-10-05
1349,183.0,P095,S03,4,1321.58,2025-08-17
1350,743.0,P041,S02,8,2746.7,2025-07-07
1351,237.0,P036,S04,5,4479.04,2025-02-20
1352,1946.0,P062,S04,6,725.61,2025-12-04
1353,1049.0,P092,S02,9,1945.0,2025-05-17
1354,1877.0,P084,S01,3,1551.08,2025-06-15
1355,1445.0,P086,S01,3,1462.96,2026-02-14
1356,1997.0,P049,S05,1,4878.27,2026-04-07
1357,717.0,P040,S01,1,787.0,2024-10-19
1358,516.0,P017,S01,9,157.08,2025-08-11
1359,25.0,P001,S03,8,1031.0,2026-02-02
1360,1892.0,P073,S03,2,3051.28,2026-03-29
1361,1303.0,P087,S02,8,4553.81,2025-07-08
1362,1146.0,P067,S05,5,858.25,2026-06-05
1363,1532.0,P041,S01,8,1025.66,2024-10-13
1364,197.0,P016,S03,8,369.45,2026-05-16
1365,1214.0,P094,S04,7,4965.59,2025-05-24
1366,40.0,P021,S04,5,3565.98,2025-09-11
1367,662.0,P065,S02,9,4465.05,2024-07-18
1368,414.0,P013,S04,8,4791.48,2025-04-25
1369,1344.0,P025,S03,8,1583.56,2026-04-24
1370,103.0,P033,S01,3,3516.55,2024-07-22
1371,1184.0,P096,S05,1,2407.25,2025-06-03
1372,1749.0,P004,S02,9,1772.18,2025-10-09
1373,971.0,P070,S01,3,1878.37,2026-05-27
1374,1282.0,P013,S03,3,902.71,2026-02-06
1375,1325.0,P031,S02,5,4169.39,2025-01-10
1376,794.0,P009,S03,8,3052.64,2025-10-18
1377,1232.0,P085,S03,3,3398.03,2025-06-05
1378,1173.0,P093,S02,9,2046.76,2024-11-12
1379,1712.0,P002,S03,8,2333.68,2024-06-15
1380,1498.0,P013,S01,7,1703.58,2024-10-31
1381,1798.0,P023,S02,6,2555.82,2025-08-02
1382,1341.0,P078,S03,8,2812.6,2024-08-24
1383,1216.0,P003,S02,7,1412.75,2026-04-03
1384,1441.0,P039,S01,10,3047.38,2025-05-15
1385,519.0,P039,S01,5,657.56,2026-01-03
1386,1481.0,P052,S02,8,3006.91,2024-12-06
1387,1161.0,P091,S04,3,706.44,2025-08-03
1388,624.0,P053,S01,6,1250.69,2024-11-24
1389,877.0,P077,S03,3,3172.08,2026-04-15
1390,1314.0,P011,S01,5,923.53,2025-01-02
1391,1047.0,P024,S05,3,1491.2,2026-04-04
1392,1499.0,P002,S03,6,4382.59,2025-04-17
1393,1012.0,P031,S02,3,279.66,2025-10-13
1394,1425.0,P002,S03,5,2795.69,2025-12-07
1395,843.0,P042,S02,1,1447.94,2025-02-23
1396,1291.0,P007,S05,9,4191.69,2025-06-27
1397,95.0,P082,S02,3,126.65,2025-05-15
1398,1218.0,P009,S02,6,3506.95,2025-07-25
1399,136.0,P093,S05,7,697.62,2025-08-04
1400,529.0,P058,S04,7,2585.09,2024-12-06
1401,63.0,P040,S02,4,4585.06,2025-07-10
1402,1383.0,P032,S02,8,3469.18,2025-07-02
1403,50.0,P059,S04,4,1189.5,2026-02-16
1404,1329.0,P088,S04,8,983.23,2025-12-16
1405,1707.0,P095,S05,10,3778.14,2025-12-09
1406,1804.0,P093,S05,4,1845.28,2025-12-07
1407,842.0,P085,S04,10,3411.84,2026-01-20
1408,21.0,P045,S04,3,177.78,2024-07-15
1409,1745.0,P048,S04,8,2906.94,2024-09-29
1410,17.0,P006,S04,3,1582.18,2025-08-17
1411,964.0,P007,S03,4,2325.32,2025-09-25
1412,301.0,P044,S05,8,2887.98,2025-12-01
1413,1223.0,P034,S01,2,459.2,2026-01-08
1414,769.0,P076,S02,1,4726.92,2025-06-03
1415,350.0,P058,S05,3,4536.83,2024-11-26
1416,79.0,P052,S04,4,3260.26,2025-04-14
1417,637.0,P021,S05,2,4152.43,2025-12-14
1418,968.0,P033,S02,1,4988.89,2025-09-10
1419,131.0,P070,S01,1,915.96,2024-10-09
1420,136.0,P018,S04,1,3217.77,2025-01-21
1421,567.0,P057,S05,7,943.09,2025-12-20
1422,1878.0,P032,S02,9,4977.09,2026-01-30
1423,1257.0,P008,S04,9,1630.67,2025-08-15
1424,1687.0,P017,S01,1,612.56,2024-09-07
1425,1383.0,P089,S02,1,2607.47,2025-07-24
1426,1677.0,P084,S02,1,4569.39,2024-10-29
1427,1447.0,P029,S02,5,2364.74,2024-08-16
1428,1855.0,P076,S04,1,1648.11,2025-05-23
1429,350.0,P057,S02,3,4212.03,2025-02-01
1430,1803.0,P100,S03,9,326.88,2026-02-26
1431,513.0,P092,S03,6,2487.29,2025-04-21
1432,1631.0,P069,S04,3,3999.45,2025-06-24
1433,210.0,P054,S04,7,424.22,2026-01-10
1434,1548.0,P036,S01,6,2660.71,2025-09-16
1435,1783.0,P081,S04,2,2578.6,2024-07-25
1436,1730.0,P003,S01,7,669.21,2025-02-07
1437,242.0,P059,S03,5,4606.88,2026-06-06
1438,591.0,P001,S03,8,426.64,2024-12-15
1439,919.0,P100,S05,1,3380.21,2024-12-28
1440,548.0,P021,S05,6,687.75,2025-05-09
1441,965.0,P002,S01,8,1226.8,2025-11-15
1442,1075.0,P053,S05,10,4584.65,2026-02-28
1443,23.0,P076,S03,4,4540.71,2026-04-25
1444,1479.0,P079,S01,2,547.22,2025-11-21
1445,1477.0,P010,S05,7,4709.73,2024-09-17
1446,1727.0,P012,S01,10,3169.47,2025-04-28
1447,1220.0,P048,S01,3,1165.64,2026-03-26
1448,1088.0,P059,S01,3,1438.84,2025-08-17
1449,1461.0,P100,S04,7,108.43,2025-05-31
1450,1377.0,P031,S01,8,322.1,2024-08-25
1451,81.0,P019,S05,2,2042.57,2024-09-15
1452,1584.0,P066,S01,1,2633.66,2026-01-24
1453,1957.0,P056,S01,5,1077.38,2025-10-30
1454,1651.0,P089,S04,2,4778.05,2026-03-28
1455,191.0,P020,S04,3,4115.66,2024-09-21
1456,471.0,P004,S05,7,274.77,2026-04-24
1457,708.0,P036,S04,8,623.89,2025-10-20
1458,155.0,P096,S03,4,2513.37,2024-08-15
1459,592.0,P031,S02,1,2565.8,2024-09-12
1460,1154.0,P087,S01,9,1135.51,2026-04-04
1461,1662.0,P077,S05,2,3197.94,2026-04-02
1462,464.0,P005,S05,8,1224.87,2025-05-06
1463,241.0,P025,S01,1,2244.4,2025-10-27
1464,598.0,P087,S03,1,478.06,2026-02-02
1465,826.0,P002,S01,5,1573.38,2024-08-18
1466,1177.0,P100,S02,1,3152.04,2025-02-26
1467,83.0,P010,S02,9,4163.55,2025-04-02
1468,1565.0,P056,S02,1,1334.97,2025-07-18
1469,1111.0,P033,S04,3,3046.99,2025-06-20
1470,70.0,P046,S01,7,1849.91,2025-06-08
1471,1717.0,P014,S02,2,4204.99,2024-07-23
1472,704.0,P006,S04,3,3121.98,2025-08-20
1473,704.0,P002,S01,7,1362.91,2024-08-02
1474,988.0,P026,S03,1,1907.71,2024-12-06
1475,322.0,P005,S05,1,1366.41,2026-01-26
1476,8.0,P054,S01,6,303.48,2024-07-05
1477,1974.0,P040,S01,5,1195.02,2026-05-21
1478,816.0,P054,S04,10,1632.03,2026-03-20
1479,585.0,P081,S05,8,4449.48,2025-03-30
1480,4.0,P027,S04,7,3532.31,2024-08-13
1481,1965.0,P026,S05,4,995.63,2024-09-19
1482,1178.0,P056,S02,5,3155.74,2025-03-06
1483,764.0,P033,S01,1,1840.69,2026-04-18
1484,933.0,P091,S01,10,3432.19,2026-04-16
1485,560.0,P045,S03,7,2599.8,2025-12-08
1486,277.0,P013,S01,7,2045.7,2025-03-21
1487,1501.0,P094,S01,10,4628.24,2025-07-08
1488,1191.0,P006,S04,10,3161.56,2025-02-02
1489,1743.0,P085,S04,6,4443.57,2025-05-21
1490,999.0,P047,S04,5,1033.59,2024-08-15
1491,279.0,P094,S02,8,247.35,2025-02-03
1492,288.0,P093,S02,1,629.34,2025-06-10
1493,608.0,P017,S01,5,624.62,2024-10-07
1494,1372.0,P005,S03,3,2497.39,2026-01-01
1495,889.0,P084,S01,8,1410.54,2025-07-11
1496,480.0,P015,S01,4,4782.93,2026-01-08
1497,545.0,P049,S02,7,2315.61,2025-09-25
1498,1327.0,P020,S01,1,2928.33,2024-07-26
1499,949.0,P096,S03,2,2225.57,2025-03-28
1500,663.0,P077,S03,2,2616.75,2024-08-08
1501,582.0,P074,S05,4,2393.39,2026-05-08
1502,410.0,P041,S05,6,646.36,2025-01-16
1503,204.0,P087,S03,2,4496.08,2024-12-05
1504,325.0,P093,S04,5,2146.34,2025-04-28
1505,1963.0,P014,S02,4,2436.86,2024-08-31
1506,1981.0,P064,S05,1,1548.31,2024-06-23
1507,564.0,P093,S04,10,2941.33,2025-01-22
1508,789.0,P038,S02,8,3099.43,2024-06-14
1509,710.0,P045,S04,4,4356.28,2025-04-27
1510,109.0,P056,S03,9,3865.04,2025-02-16
1511,766.0,P054,S04,1,1202.3,2025-11-03
1512,190.0,P052,S01,6,203.01,2024-11-17
1513,134.0,P032,S02,10,1692.83,2025-11-09
1514,1731.0,P005,S05,3,1702.28,2024-12-21
1515,1262.0,P020,S05,7,1602.04,2025-05-05
1516,557.0,P050,S03,9,983.96,2025-03-02
1517,242.0,P087,S04,1,1307.37,2024-08-31
1518,280.0,P088,S02,4,1831.29,2025-05-31
1519,1872.0,P023,S04,8,565.46,2024-07-04
1520,71.0,P026,S02,2,432.44,2025-05-11
1521,749.0,P098,S02,10,4533.89,2024-06-19
1522,1772.0,P029,S05,7,1599.91,2024-06-13
1523,1596.0,P016,S02,1,3581.35,2024-10-26
1524,262.0,P011,S01,8,4979.94,2025-05-17
1525,137.0,P072,S04,2,2980.69,2025-12-11
1526,425.0,P044,S05,4,3417.22,2025-09-16
1527,758.0,P029,S03,2,3355.08,2025-07-25
1528,1712.0,P084,S01,10,4809.69,2026-06-06
1529,1538.0,P049,S02,6,3800.65,2024-12-21
1530,1221.0,P074,S01,8,4115.88,2026-04-06
1531,1588.0,P029,S04,9,4522.33,2025-03-23
1532,3.0,P086,S03,2,4739.35,2025-06-02
1533,254.0,P033,S03,6,3809.91,2026-02-23
1534,795.0,P071,S02,8,1791.43,2026-05-12
1535,1754.0,P059,S02,9,572.19,2026-01-26
1536,1538.0,P038,S02,8,4676.31,2024-11-21
1537,479.0,P063,S04,4,2081.99,2025-01-11
1538,584.0,P094,S02,6,4637.28,2025-03-10
1539,485.0,P048,S04,1,414.47,2025-11-25
1540,406.0,P061,S01,10,4915.69,2024-07-28
1541,1041.0,P032,S05,4,1367.04,2025-10-05
1542,1244.0,P032,S04,3,3720.58,2025-12-23
1543,1934.0,P078,S01,2,127.91,2024-12-22
1544,135.0,P073,S01,7,125.78,2026-01-18
1545,939.0,P007,S01,4,2003.18,2025-07-02
1546,1638.0,P050,S03,5,2967.55,2024-09-15
1547,195.0,P070,S01,4,1649.6,2025-08-28
1548,298.0,P098,S02,9,655.31,2025-03-02
1549,793.0,P046,S04,8,3145.52,2025-12-12
1550,746.0,P081,S02,4,2261.75,2026-05-28
1551,93.0,P072,S02,1,1761.78,2025-01-09
1552,849.0,P064,S04,5,4048.5,2025-10-02
1553,1278.0,P038,S05,10,964.59,2024-10-18
1554,1274.0,P046,S03,4,2823.43,2025-10-03
1555,1321.0,P058,S03,7,4073.59,2025-09-01
1556,1234.0,P062,S03,6,1688.04,2025-09-16
1557,1488.0,P007,S04,10,1179.26,2026-05-07
1558,82.0,P009,S04,1,4006.2,2025-08-15
1559,1119.0,P039,S01,1,3247.16,2025-06-18
1560,911.0,P069,S05,4,511.26,2026-05-25
1561,1793.0,P061,S04,7,2063.56,2024-11-21
1562,1657.0,P024,S02,1,918.37,2024-09-25
1563,499.0,P023,S02,9,4516.85,2024-12-12
1564,1297.0,P065,S04,5,542.67,2024-11-03
1565,123.0,P040,S04,3,1274.7,2026-04-09
1566,1656.0,P022,S03,2,4412.51,2025-12-01
1567,321.0,P013,S01,9,444.18,2024-07-09
1568,219.0,P017,S01,5,2793.14,2024-12-25
1569,1895.0,P068,S04,5,191.88,2025-12-10
1570,477.0,P004,S03,9,3968.78,2024-06-09
1571,66.0,P080,S03,9,3132.65,2024-11-25
1572,348.0,P097,S02,8,1970.71,2025-11-19
1573,272.0,P100,S05,9,1224.07,2025-06-07
1574,610.0,P031,S01,7,1719.85,2025-11-11
1575,1593.0,P042,S04,5,2737.17,2025-06-24
1576,937.0,P046,S01,10,1690.06,2026-04-17
1577,1442.0,P054,S04,8,3933.77,2024-07-15
1578,1904.0,P027,S05,7,3441.27,2024-08-30
1579,1847.0,P089,S04,1,4456.57,2025-03-24
1580,1252.0,P062,S02,7,2142.46,2024-09-06
1581,638.0,P021,S04,9,4963.83,2025-01-10
1582,1644.0,P049,S04,8,2333.0,2025-11-11
1583,974.0,P040,S02,3,2777.38,2025-09-27
1584,1614.0,P056,S02,3,4403.56,2025-04-29
1585,685.0,P079,S01,8,2488.98,2024-09-04
1586,487.0,P023,S01,1,3554.91,2024-07-27
1587,1285.0,P083,S04,7,235.7,2025-04-06
1588,1835.0,P074,S02,4,723.92,2025-08-19
1589,587.0,P039,S03,10,4445.02,2025-02-07
1590,654.0,P069,S04,4,1329.02,2024-10-17
1591,951.0,P008,S03,5,3016.0,2024-12-21
1592,1564.0,P016,S02,9,3318.09,2024-08-20
1593,1070.0,P066,S05,7,3803.25,2024-10-04
1594,1149.0,P087,S01,10,4043.25,2025-08-07
1595,1149.0,P091,S02,2,3912.59,2026-03-21
1596,1023.0,P044,S05,9,3911.87,2026-01-31
1597,1805.0,P027,S03,3,4771.92,2026-02-22
1598,1806.0,P005,S03,8,3249.33,2025-09-22
1599,581.0,P067,S04,8,3706.96,2025-10-04
1600,1051.0,P042,S02,4,2189.25,2024-11-23
1601,1523.0,P073,S04,9,1354.32,2025-08-14
1602,1298.0,P005,S01,6,1411.33,2026-04-16
1603,899.0,P043,S01,3,4172.97,2026-05-24
1604,279.0,P090,S04,4,3242.68,2024-06-16
1605,420.0,P002,S01,3,334.78,2025-02-23
1606,1106.0,P069,S03,2,826.19,2024-08-06
1607,1290.0,P016,S05,6,3806.4,2025-06-23
1608,589.0,P027,S05,7,1063.69,2024-08-26
1609,1649.0,P049,S05,5,942.59,2025-10-27
1610,1133.0,P044,S03,3,330.86,2025-11-27
1611,1582.0,P072,S01,1,1592.15,2025-11-26
1612,751.0,P052,S03,9,3237.42,2025-03-09
1613,1358.0,P069,S02,9,2317.32,2025-01-24
1614,190.0,P052,S05,1,3086.42,2026-02-23
1615,1320.0,P054,S03,4,4370.77,2025-05-17
1616,1412.0,P057,S01,10,3688.92,2025-10-05
1617,1165.0,P060,S02,7,2574.99,2025-06-16
1618,1230.0,P057,S05,8,316.26,2024-10-27
1619,1805.0,P041,S02,4,3049.73,2024-09-06
1620,1160.0,P031,S03,1,4889.95,2025-11-24
1621,1718.0,P035,S05,10,4051.65,2026-01-22
1622,244.0,P052,S01,4,3470.14,2024-06-14
1623,1762.0,P048,S03,7,3816.62,2024-11-28
1624,436.0,P019,S04,5,620.22,2026-05-03
1625,1209.0,P011,S04,7,245.77,2025-08-13
1626,675.0,P032,S04,5,1383.66,2025-06-08
1627,1853.0,P026,S03,5,2369.24,2024-07-06
1628,666.0,P095,S03,8,4297.25,2024-08-09
1629,1092.0,P079,S03,2,3631.84,2025-08-03
1630,787.0,P009,S05,7,4866.38,2026-03-19
1631,824.0,P018,S02,2,1163.79,2024-10-20
1632,468.0,P028,S02,3,1741.94,2026-03-02
1633,1498.0,P065,S01,8,1028.14,2024-10-06
1634,1483.0,P074,S03,6,1328.67,2025-09-21
1635,200.0,P062,S02,6,4973.32,2025-12-07
1636,1191.0,P075,S02,1,855.24,2025-01-20
1637,705.0,P043,S04,8,283.92,2025-11-27
1638,1773.0,P010,S03,1,121.22,2025-03-31
1639,1959.0,P085,S04,1,1584.51,2025-01-14
1640,525.0,P042,S03,3,2705.02,2026-02-27
1641,1328.0,P040,S02,3,2287.87,2024-06-28
1642,1036.0,P053,S05,8,2423.45,2026-01-17
1643,1586.0,P081,S01,7,2683.71,2025-08-02
1644,894.0,P037,S02,3,1953.19,2024-12-25
1645,969.0,P046,S01,5,654.18,2026-01-18
1646,716.0,P057,S01,5,3761.64,2025-02-16
1647,1710.0,P026,S02,8,868.57,2024-07-07
1648,443.0,P096,S03,9,513.54,2025-01-18
1649,203.0,P009,S04,5,259.17,2025-02-07
1650,791.0,P056,S02,1,2219.56,2026-05-25
1651,666.0,P057,S04,8,3893.83,2024-11-23
1652,1659.0,P019,S01,5,4809.32,2025-05-20
1653,1113.0,P100,S05,5,503.0,2025-12-12
1654,1147.0,P076,S04,4,3598.26,2024-08-01
1655,1840.0,P081,S03,2,4158.92,2025-09-26
1656,1524.0,P002,S04,4,1194.71,2026-05-25
1657,1233.0,P057,S02,1,256.75,2025-10-17
1658,1441.0,P086,S04,6,1932.07,2026-02-25
1659,610.0,P043,S04,4,2360.81,2026-04-09
1660,1567.0,P097,S01,9,1154.66,2025-06-07
1661,1694.0,P016,S05,9,417.46,2025-04-04
1662,165.0,P014,S01,1,2136.18,2025-03-06
1663,570.0,P055,S01,4,2393.77,2025-05-16
1664,69.0,P085,S02,9,1014.55,2024-12-02
1665,740.0,P033,S02,8,1236.5,2025-12-06
1666,804.0,P083,S02,2,2896.97,2025-11-04
1667,829.0,P038,S05,9,989.06,2024-06-22
1668,353.0,P054,S04,2,1583.52,2025-05-28
1669,726.0,P015,S04,2,2310.14,2024-09-15
1670,1509.0,P004,S04,3,3179.11,2025-05-18
1671,1611.0,P059,S03,3,4888.27,2025-11-17
1672,887.0,P001,S05,7,2800.39,2025-07-12
1673,1930.0,P052,S05,9,2892.34,2025-11-28
1674,1166.0,P033,S05,10,162.53,2024-12-14
1675,620.0,P004,S03,7,1636.39,2025-03-16
1676,1784.0,P027,S02,10,2780.81,2025-12-22
1677,1539.0,P060,S05,1,2066.1,2026-01-02
1678,642.0,P057,S03,5,1764.5,2026-03-14
1679,865.0,P020,S02,10,3203.29,2024-08-01
1680,531.0,P009,S05,8,1382.44,2026-06-08
1681,64.0,P011,S03,5,361.19,2025-02-24
1682,1824.0,P056,S04,3,4135.66,2026-04-30
1683,338.0,P012,S02,5,3612.73,2025-07-29
1684,1737.0,P048,S01,4,1416.13,2025-08-05
1685,1340.0,P028,S05,6,4452.47,2025-03-28
1686,589.0,P023,S03,3,4392.76,2026-01-12
1687,872.0,P009,S02,6,3714.08,2025-01-23
1688,319.0,P022,S04,8,1581.86,2026-06-03
1689,132.0,P043,S03,10,675.85,2024-09-22
1690,1347.0,P010,S04,5,634.39,2025-09-10
1691,369.0,P077,S03,2,3170.2,2025-08-13
1692,109.0,P070,S02,10,3222.65,2026-04-08
1693,205.0,P084,S03,3,4994.3,2025-08-16
1694,292.0,P026,S04,4,4419.63,2024-12-13
1695,1420.0,P010,S02,8,3242.25,2026-03-28
1696,925.0,P008,S01,2,3968.38,2025-10-25
1697,11.0,P010,S02,5,2737.24,2026-04-01
1698,604.0,P044,S04,4,2715.63,2025-10-14
1699,1824.0,P014,S03,2,646.64,2026-02-25
1700,1214.0,P015,S05,1,3952.28,2025-12-15
1701,294.0,P074,S02,5,4860.74,2025-12-31
1702,470.0,P034,S01,3,2750.42,2026-03-23
1703,1341.0,P042,S01,3,4642.18,2025-07-04
1704,1722.0,P041,S05,3,776.67,2025-07-20
1705,1861.0,P005,S04,7,4202.61,2024-06-09
1706,935.0,P005,S05,8,471.23,2026-05-30
1707,1027.0,P099,S05,5,117.51,2025-08-09
1708,1210.0,P060,S05,1,4581.94,2026-05-07
1709,1710.0,P096,S05,6,3995.08,2024-12-22
1710,794.0,P040,S03,4,4531.46,2026-02-04
1711,1499.0,P053,S02,8,3624.81,2025-10-02
1712,453.0,P064,S05,5,2468.03,2025-06-13
1713,1845.0,P044,S05,6,4643.81,2025-12-06
1714,1160.0,P073,S05,5,1569.17,2025-11-13
1715,1944.0,P019,S05,4,906.15,2025-07-31
1716,1433.0,P068,S02,5,2013.81,2024-07-08
1717,62.0,P053,S02,5,3043.39,2025-10-02
1718,1756.0,P078,S04,3,4929.52,2025-01-18
1719,1161.0,P050,S03,8,3136.09,2024-11-25
1720,990.0,P015,S01,7,339.81,2025-01-20
1721,1110.0,P094,S02,6,1531.02,2025-07-19
1722,1066.0,P093,S01,10,4210.88,2025-12-20
1723,1596.0,P010,S04,2,3736.02,2025-12-09
1724,1459.0,P012,S04,9,3311.82,2025-05-13
1725,371.0,P055,S03,9,3903.92,2024-10-06
1726,38.0,P036,S03,2,1436.79,2025-10-11
1727,696.0,P067,S03,3,1062.99,2025-01-14
1728,818.0,P074,S05,5,3004.72,2024-12-07
1729,1426.0,P022,S05,8,2303.47,2025-08-19
1730,1155.0,P085,S01,4,955.44,2025-12-07
1731,549.0,P052,S01,10,975.72,2024-12-12
1732,1493.0,P010,S05,4,3182.04,2025-12-21
1733,927.0,P097,S05,10,2262.54,2025-10-25
1734,1456.0,P084,S01,6,4925.78,2026-01-30
1735,1051.0,P085,S05,5,941.13,2025-01-17
1736,757.0,P076,S01,2,4786.81,2025-11-30
1737,1129.0,P027,S05,8,730.02,2025-03-13
1738,1296.0,P043,S05,3,3796.04,2024-10-14
1739,1896.0,P066,S01,6,3839.28,2025-03-08
1740,880.0,P016,S05,9,2267.15,2026-03-20
1741,1370.0,P020,S04,5,3456.93,2025-12-10
1742,32.0,P052,S03,10,1848.97,2024-07-04
1743,1571.0,P012,S05,4,2806.69,2026-02-23
1744,264.0,P066,S01,5,3615.72,2025-05-21
1745,555.0,P085,S01,8,3087.33,2025-07-01
1746,854.0,P036,S05,8,1250.37,2026-05-11
1747,581.0,P060,S02,9,2791.76,2025-09-07
1748,518.0,P090,S05,9,1844.01,2026-05-07
1749,225.0,P069,S04,3,3022.53,2025-05-07
1750,1521.0,P047,S01,2,838.9,2026-02-15
1751,966.0,P023,S04,10,2430.48,2026-02-25
1752,723.0,P011,S03,7,1703.57,2025-10-30
1753,1331.0,P045,S03,7,1151.93,2026-03-29
1754,1747.0,P054,S03,3,4490.48,2025-02-17
1755,1833.0,P086,S05,7,3953.92,2025-08-16
1756,1576.0,P026,S05,7,3395.08,2025-02-26
1757,1044.0,P034,S03,10,2244.74,2025-09-15
1758,907.0,P038,S04,3,641.5,2026-03-22
1759,571.0,P020,S03,2,4851.07,2025-06-19
1760,648.0,P062,S03,10,3201.58,2024-11-28
1761,1075.0,P002,S05,2,1117.41,2025-08-10
1762,1775.0,P073,S04,2,2420.72,2025-04-03
1763,1059.0,P077,S02,8,257.87,2025-06-27
1764,1112.0,P058,S02,6,1021.28,2024-07-22
1765,1502.0,P058,S05,5,685.21,2025-01-13
1766,845.0,P068,S04,6,1652.76,2025-03-28
1767,1840.0,P057,S01,4,3994.81,2025-06-03
1768,383.0,P011,S01,4,1328.96,2025-04-02
1769,1961.0,P021,S04,2,2865.76,2025-07-22
1770,1816.0,P047,S04,1,3550.38,2024-08-09
1771,671.0,P047,S03,8,1288.12,2026-01-07
1772,1230.0,P015,S01,10,1364.17,2024-07-28
1773,1766.0,P017,S03,5,515.31,2024-11-04
1774,1733.0,P040,S05,3,231.14,2024-10-31
1775,1634.0,P057,S04,3,3824.75,2024-11-21
1776,1439.0,P071,S05,3,732.59,2025-07-18
1777,59.0,P053,S03,1,3417.36,2024-10-09
1778,421.0,P008,S04,9,3895.53,2026-01-17
1779,566.0,P060,S03,6,440.06,2026-02-17
1780,1173.0,P004,S05,6,4992.66,2024-10-06
1781,1552.0,P028,S03,10,991.69,2025-10-23
1782,699.0,P044,S05,7,344.38,2024-08-19
1783,682.0,P055,S02,3,3322.98,2025-09-15
1784,124.0,P010,S05,2,2598.31,2025-04-03
1785,963.0,P095,S01,8,2291.21,2025-07-29
1786,686.0,P042,S03,7,1474.29,2024-11-16
1787,455.0,P089,S03,9,1964.45,2025-03-17
1788,909.0,P066,S05,1,1619.28,2025-07-19
1789,1312.0,P028,S05,10,1793.37,2026-04-19
1790,984.0,P068,S01,7,1541.67,2026-04-29
1791,1938.0,P094,S02,4,2343.71,2024-11-23
1792,994.0,P097,S02,1,1645.92,2025-10-27
1793,1755.0,P063,S05,4,1417.37,2024-06-16
1794,1237.0,P061,S04,10,1639.7,2025-01-12
1795,1054.0,P054,S02,7,1259.85,2025-08-02
1796,1221.0,P017,S03,2,846.17,2026-02-19
1797,669.0,P081,S04,3,3905.07,2026-01-05
1798,947.0,P032,S05,9,4065.82,2026-02-12
1799,575.0,P004,S01,9,2849.0,2024-11-06
1800,203.0,P008,S01,4,2675.75,2025-02-19
1801,1963.0,P050,S02,10,165.01,2025-04-16
1802,699.0,P028,S05,5,962.6,2024-07-13
1803,1640.0,P048,S01,8,3439.04,2024-12-11
1804,1703.0,P032,S03,10,2532.35,2024-11-09
1805,973.0,P066,S05,6,2332.67,2024-08-12
1806,770.0,P060,S03,10,3127.0,2026-02-27
1807,910.0,P060,S02,7,192.16,2026-01-02
1808,788.0,P041,S04,4,2251.29,2026-04-04
1809,1133.0,P065,S01,9,731.92,2024-11-06
1810,1154.0,P049,S04,10,2170.27,2025-05-01
1811,1045.0,P030,S05,1,3596.93,2025-01-21
1812,1522.0,P006,S03,9,284.71,2026-02-06
1813,1616.0,P047,S01,7,815.46,2025-11-17
1814,1142.0,P023,S05,4,330.54,2025-03-05
1815,424.0,P001,S01,1,3151.29,2025-03-11
1816,1491.0,P059,S05,8,2288.42,2026-05-28
1817,699.0,P036,S01,6,1295.59,2024-11-18
1818,404.0,P053,S02,8,2726.05,2025-03-13
1819,1029.0,P095,S01,4,2829.6,2026-01-15
1820,439.0,P035,S01,4,3959.87,2025-12-23
1821,904.0,P050,S04,8,2905.19,2025-08-26
1822,1327.0,P020,S01,4,1761.71,2025-04-15
1823,1955.0,P010,S01,1,4220.32,2024-06-11
1824,676.0,P018,S01,1,1102.8,2025-05-07
1825,1162.0,P059,S05,4,1161.3,2025-04-26
1826,1495.0,P064,S05,1,4976.9,2025-04-20
1827,1284.0,P023,S01,1,4514.33,2024-09-05
1828,123.0,P060,S05,7,4667.63,2025-04-14
1829,997.0,P067,S05,3,4894.58,2026-02-09
1830,777.0,P035,S05,4,4038.27,2025-03-27
1831,1615.0,P029,S05,5,1881.87,2025-10-14
1832,675.0,P012,S02,4,4514.9,2025-03-08
1833,133.0,P020,S02,2,4949.2,2025-12-25
1834,1652.0,P090,S03,3,4992.22,2025-06-24
1835,1604.0,P098,S05,5,255.82,2024-10-21
1836,866.0,P017,S04,1,3192.55,2025-08-01
1837,1246.0,P094,S05,3,2042.72,2025-06-12
1838,1158.0,P075,S02,5,237.41,2025-07-22
1839,1731.0,P017,S02,9,2959.97,2024-10-23
1840,935.0,P074,S01,2,3309.02,2025-12-23
1841,70.0,P068,S03,1,1635.41,2025-11-25
1842,583.0,P042,S04,8,419.55,2026-01-19
1843,1001.0,P008,S03,3,1058.87,2025-08-03
1844,1235.0,P050,S01,4,3468.75,2025-07-25
1845,547.0,P049,S04,9,2747.64,2024-06-14
1846,1202.0,P073,S03,10,1692.32,2025-01-23
1847,132.0,P034,S03,5,3105.0,2025-08-21
1848,1956.0,P048,S02,1,411.0,2024-11-17
1849,408.0,P064,S05,6,1669.53,2025-08-28
1850,1677.0,P049,S05,7,226.11,2026-05-15
1851,878.0,P099,S04,4,3913.01,2024-12-10
1852,621.0,P043,S04,6,2055.39,2026-05-26
1853,206.0,P018,S01,6,2122.93,2024-08-06
1854,805.0,P083,S01,8,2102.36,2025-09-12
1855,1829.0,P069,S01,7,406.96,2025-11-17
1856,993.0,P061,S05,10,4244.03,2025-06-17
1857,1664.0,P075,S02,6,1120.48,2025-03-28
1858,169.0,P077,S03,10,2415.49,2026-04-07
1859,628.0,P089,S02,1,2469.08,2024-11-08
1860,1485.0,P039,S03,9,4235.26,2025-09-25
1861,343.0,P006,S02,4,3906.2,2024-07-06
1862,49.0,P006,S05,3,1315.95,2025-04-05
1863,884.0,P018,S03,8,3415.2,2025-05-06
1864,1575.0,P027,S05,4,2065.74,2026-04-03
1865,587.0,P051,S05,6,789.3,2024-11-07
1866,1890.0,P072,S05,10,886.26,2024-09-22
1867,1709.0,P017,S04,7,3990.33,2024-08-13
1868,1903.0,P006,S04,1,3695.74,2025-10-10
1869,887.0,P010,S05,9,3036.33,2025-10-06
1870,621.0,P091,S02,2,772.33,2024-08-18
1871,548.0,P007,S01,4,2032.1,2024-08-28
1872,628.0,P059,S03,4,667.56,2025-01-03
1873,877.0,P051,S04,1,3649.11,2026-01-18
1874,1800.0,P072,S02,3,214.47,2024-11-10
1875,963.0,P031,S04,3,429.65,2025-04-07
1876,1482.0,P081,S02,10,3134.72,2025-01-30
1877,1364.0,P074,S02,5,3876.82,2026-05-15
1878,1066.0,P038,S02,7,1927.33,2025-04-21
1879,1408.0,P035,S04,1,1732.66,2025-03-25
1880,6.0,P061,S01,6,3775.99,2025-01-11
1881,459.0,P059,S02,10,2474.19,2025-03-13
1882,1669.0,P085,S02,8,293.27,2026-05-26
1883,65.0,P049,S04,6,4921.18,2024-11-13
1884,1425.0,P059,S04,8,4114.08,2026-01-06
1885,871.0,P077,S05,9,719.25,2025-11-26
1886,1224.0,P077,S04,4,2385.45,2025-05-16
1887,1651.0,P016,S02,8,650.83,2025-11-14
1888,1622.0,P029,S05,7,2622.25,2025-05-29
1889,812.0,P073,S03,5,1465.76,2026-06-09
1890,1717.0,P021,S01,10,4535.08,2025-02-27
1891,119.0,P043,S01,7,121.11,2024-09-25
1892,710.0,P048,S01,7,3174.12,2026-04-13
1893,969.0,P069,S04,4,944.72,2024-10-17
1894,1793.0,P065,S05,6,573.69,2024-07-23
1895,1069.0,P013,S05,9,3566.23,2024-09-19
1896,509.0,P100,S01,9,4482.25,2026-01-30
1897,443.0,P074,S05,7,2794.13,2024-07-13
1898,1189.0,P035,S03,10,1607.29,2024-11-14
1899,233.0,P006,S04,3,2635.16,2025-09-30
1900,684.0,P035,S01,7,2576.75,2024-06-13
1901,172.0,P054,S03,8,2968.27,2025-05-28
1902,869.0,P065,S02,4,3865.38,2024-06-19
1903,926.0,P096,S02,2,4264.56,2025-04-02
1904,719.0,P063,S04,3,1790.49,2024-12-18
1905,1457.0,P005,S04,10,466.97,2025-09-04
1906,572.0,P019,S01,8,4988.43,2024-07-02
1907,1615.0,P024,S02,10,4426.66,2026-05-28
1908,369.0,P092,S05,6,371.64,2024-12-02
1909,1474.0,P018,S01,4,2892.31,2024-11-03
1910,383.0,P004,S04,3,2278.06,2024-06-10
1911,187.0,P035,S03,6,1072.32,2026-03-11
1912,746.0,P083,S02,5,204.65,2025-11-12
1913,150.0,P012,S04,7,2672.7,2025-10-15
1914,1318.0,P052,S03,8,3499.29,2025-04-09
1915,1912.0,P099,S04,6,516.23,2026-03-16
1916,899.0,P056,S05,1,3962.57,2025-10-01
1917,1663.0,P029,S02,10,3252.46,2024-06-18
1918,1007.0,P052,S02,10,2692.67,2026-02-06
1919,1551.0,P023,S04,3,3032.42,2025-10-10
1920,657.0,P075,S05,5,1918.96,2026-06-03
1921,1502.0,P019,S01,1,3595.47,2024-10-21
1922,1735.0,P003,S04,6,829.31,2026-03-05
1923,1469.0,P025,S02,6,1387.2,2026-03-27
1924,1142.0,P083,S05,7,1631.06,2025-12-11
1925,92.0,P007,S04,7,3724.53,2025-03-30
1926,1030.0,P064,S01,5,3082.7,2024-07-30
1927,929.0,P019,S03,8,3641.83,2025-11-05
1928,97.0,P032,S02,4,3861.83,2025-05-26
1929,1229.0,P096,S05,5,3379.13,2024-06-18
1930,1667.0,P057,S04,9,2956.52,2024-08-07
1931,793.0,P021,S01,8,4607.74,2025-11-12
1932,608.0,P028,S01,5,147.77,2025-05-21
1933,1801.0,P067,S05,8,3188.16,2026-03-10
1934,875.0,P074,S01,4,337.7,2026-05-15
1935,1190.0,P080,S02,4,4758.38,2025-08-04
1936,1459.0,P082,S02,3,1978.07,2024-07-04
1937,520.0,P074,S01,7,2416.25,2025-06-26
1938,1329.0,P047,S05,6,2841.46,2024-09-23
1939,87.0,P005,S04,6,2363.29,2026-01-06
1940,893.0,P078,S04,4,383.37,2024-07-15
1941,414.0,P075,S04,1,4015.49,2024-08-20
1942,370.0,P027,S05,10,1270.57,2025-02-01
1943,95.0,P081,S03,6,716.72,2026-05-30
1944,1819.0,P082,S02,7,978.85,2024-09-04
1945,415.0,P081,S02,9,4218.37,2025-09-25
1946,886.0,P090,S04,3,4202.35,2024-09-17
1947,999.0,P014,S02,7,1546.69,2025-09-30
1948,1550.0,P042,S01,6,3129.55,2025-10-16
1949,1723.0,P052,S01,3,4837.23,2025-06-16
1950,575.0,P039,S03,4,450.62,2026-06-06
1951,1740.0,P078,S04,4,4029.08,2025-04-02
1952,1366.0,P068,S04,2,3173.36,2026-01-10
1953,1856.0,P087,S05,7,2309.36,2025-11-14
1954,17.0,P053,S02,4,3739.04,2025-06-29
1955,697.0,P004,S04,3,1795.67,2025-09-12
1956,1250.0,P087,S04,4,3406.7,2026-06-06
1957,1447.0,P084,S02,2,1450.47,2024-12-09
1958,1990.0,P052,S01,6,3022.38,2024-06-14
1959,1115.0,P033,S05,1,4874.83,2024-07-28
1960,803.0,P018,S04,10,2926.01,2025-07-23
1961,243.0,P008,S05,6,3102.49,2026-03-28
1962,1154.0,P023,S05,10,2262.66,2025-06-20
1963,665.0,P063,S01,5,2050.92,2025-03-22
1964,983.0,P029,S04,5,1755.96,2026-05-22
1965,1452.0,P060,S02,10,306.45,2024-12-05
1966,1145.0,P039,S03,10,1446.45,2025-06-11
1967,1446.0,P006,S05,2,4496.76,2024-12-11
1968,860.0,P038,S02,7,2493.69,2025-04-17
1969,1595.0,P057,S02,2,917.17,2025-10-18
1970,220.0,P044,S02,6,4409.38,2024-09-02
1971,1021.0,P002,S03,1,1874.35,2025-12-04
1972,1349.0,P064,S05,5,2940.04,2026-01-04
1973,117.0,P021,S02,9,4889.3,2025-10-22
1974,946.0,P027,S05,2,697.85,2026-03-19
1975,436.0,P025,S05,1,1405.6,2024-07-08
1976,1054.0,P047,S03,9,2124.43,2025-02-06
1977,257.0,P072,S03,6,4280.26,2026-01-30
1978,1954.0,P053,S05,8,323.41,2026-01-18
1979,635.0,P061,S05,3,2988.74,2025-05-17
1980,586.0,P030,S04,7,1831.3,2026-04-26
1981,1760.0,P009,S01,4,4443.24,2024-12-30
1982,434.0,P022,S02,7,4701.36,2024-06-25
1983,1661.0,P080,S01,3,4273.07,2026-03-17
1984,1171.0,P005,S02,3,2401.52,2025-06-30
1985,1675.0,P046,S02,4,3297.8,2024-12-23
1986,1087.0,P045,S03,8,1412.43,2026-01-02
1987,1078.0,P047,S05,1,4057.45,2024-07-05
1988,671.0,P058,S05,3,1330.55,2024-10-19
1989,1506.0,P004,S04,7,3484.88,2026-04-30
1990,1537.0,P010,S05,1,930.4,2025-03-18
1991,1518.0,P077,S01,1,2807.36,2025-05-08
1992,567.0,P027,S02,5,2315.95,2025-05-22
1993,528.0,P079,S01,7,3253.94,2025-06-18
1994,1866.0,P070,S04,7,4056.57,2025-10-10
1995,464.0,P048,S01,6,4329.11,2024-07-18
1996,1794.0,P062,S05,3,2197.54,2024-07-04
1997,1247.0,P064,S02,9,2041.76,2025-10-07
1998,712.0,P058,S01,5,3254.98,2025-09-12
1999,691.0,P071,S04,10,199.46,2025-04-27
2000,335.0,P082,S01,2,3346.35,2025-08-26
2001,875.0,P026,S02,5,3005.62,2024-06-10
2002,1966.0,P041,S05,3,856.45,2024-10-15
2003,1060.0,P092,S04,7,2763.57,2026-02-15
2004,592.0,P098,S03,9,2008.36,2026-05-19
2005,355.0,P056,S03,10,3559.58,2026-05-09
2006,219.0,P083,S01,3,2880.05,2025-06-26
2007,984.0,P084,S01,1,4333.08,2025-04-12
2008,72.0,P100,S04,7,409.99,2025-04-05
2009,355.0,P009,S02,8,4967.2,2026-01-24
2010,1811.0,P054,S02,8,1696.86,2024-12-19
2011,310.0,P076,S02,8,4804.97,2025-02-02
2012,1827.0,P012,S04,1,3048.75,2024-11-11
2013,159.0,P030,S05,7,2887.58,2024-09-19
2014,1511.0,P041,S01,5,2128.77,2025-03-13
2015,285.0,P018,S03,2,1028.9,2025-09-05
2016,1308.0,P052,S05,4,4466.1,2024-10-15
2017,725.0,P055,S01,10,4725.08,2026-01-22
2018,128.0,P064,S05,7,2927.29,2024-06-22
2019,170.0,P032,S02,4,3149.23,2024-11-28
2020,652.0,P095,S04,6,3576.08,2025-11-06
2021,102.0,P090,S03,9,1261.37,2026-02-21
2022,524.0,P052,S02,5,2735.05,2025-06-05
2023,799.0,P051,S01,5,1999.45,2024-09-05
2024,1626.0,P043,S04,9,3459.18,2026-02-06
2025,1918.0,P065,S01,2,2764.45,2026-04-12
2026,873.0,P063,S03,5,2041.13,2024-10-07
2027,1665.0,P069,S01,1,335.77,2025-03-16
2028,803.0,P056,S04,10,4662.7,2025-09-18
2029,429.0,P054,S01,3,3421.64,2025-10-29
2030,1493.0,P002,S02,3,1585.68,2025-09-09
2031,712.0,P044,S02,5,1033.06,2026-03-18
2032,1205.0,P050,S05,1,547.92,2024-09-30
2033,1640.0,P045,S01,4,3607.36,2026-02-12
2034,1610.0,P020,S01,6,4773.94,2024-07-08
2035,1291.0,P022,S05,10,553.25,2025-12-12
2036,1966.0,P034,S02,6,2001.74,2025-06-19
2037,931.0,P026,S02,5,3663.38,2026-01-13
2038,1331.0,P052,S02,7,3342.36,2024-07-17
2039,230.0,P017,S04,4,1375.36,2025-05-25
2040,1526.0,P070,S04,7,3720.32,2026-05-17
2041,107.0,P096,S05,4,4479.63,2025-12-11
2042,359.0,P035,S02,2,3444.21,2024-10-16
2043,1655.0,P093,S04,3,2249.65,2025-06-27
2044,260.0,P001,S02,6,3899.79,2024-07-02
2045,121.0,P050,S02,5,394.88,2025-12-28
2046,1360.0,P014,S04,3,3575.02,2024-07-17
2047,1577.0,P030,S02,1,903.05,2026-05-27
2048,333.0,P006,S02,5,3275.95,2025-06-17
2049,1970.0,P039,S05,1,912.4,2025-11-13
2050,1755.0,P069,S01,4,4609.77,2025-11-11
2051,803.0,P048,S02,5,2947.53,2024-09-15
2052,1996.0,P052,S04,4,1126.46,2024-11-30
2053,1637.0,P100,S05,2,1598.44,2026-05-15
2054,380.0,P097,S02,6,3725.74,2025-12-10
2055,1543.0,P054,S04,6,3170.94,2026-02-16
2056,49.0,P082,S03,9,4354.21,2024-07-19
2057,1938.0,P057,S05,1,4825.62,2024-09-05
2058,1989.0,P098,S05,8,2898.73,2024-09-24
2059,803.0,P058,S01,8,2558.76,2025-07-11
2060,416.0,P078,S02,8,1633.2,2026-02-04
2061,1985.0,P087,S05,8,4556.88,2024-09-02
2062,1722.0,P073,S02,2,1580.31,2024-07-10
2063,677.0,P095,S03,6,472.27,2025-05-11
2064,868.0,P008,S03,8,3002.17,2024-09-05
2065,1995.0,P053,S02,6,1417.5,2025-12-29
2066,1844.0,P056,S04,5,1150.51,2026-03-13
2067,142.0,P008,S04,9,2628.04,2025-07-31
2068,1225.0,P044,S05,1,424.73,2026-06-07
2069,1689.0,P015,S05,1,1214.13,2025-07-23
2070,1672.0,P030,S01,2,4672.95,2025-08-28
2071,1364.0,P055,S01,1,2349.71,2024-06-17
2072,448.0,P076,S02,8,1456.14,2024-06-24
2073,763.0,P075,S05,6,4094.92,2025-03-26
2074,101.0,P039,S05,2,1561.55,2024-11-19
2075,205.0,P036,S04,6,617.52,2026-01-13
2076,1160.0,P067,S01,5,1277.63,2024-09-05
2077,1681.0,P025,S02,10,740.07,2024-12-20
2078,1634.0,P034,S03,5,3784.23,2025-12-11
2079,449.0,P018,S03,5,3913.85,2024-06-11
2080,1518.0,P076,S02,5,1705.0,2026-06-09
2081,94.0,P014,S02,8,700.95,2026-05-23
2082,793.0,P033,S05,7,1443.97,2025-08-15
2083,264.0,P012,S04,7,598.13,2026-01-27
2084,1934.0,P042,S01,10,4991.43,2026-02-21
2085,1488.0,P010,S05,8,3388.81,2026-04-18
2086,233.0,P071,S03,3,3310.22,2025-08-08
2087,5.0,P082,S05,2,250.73,2026-04-04
2088,1885.0,P087,S02,10,4642.49,2026-01-09
2089,693.0,P069,S04,1,641.29,2026-02-07
2090,137.0,P092,S03,2,2368.29,2026-05-07
2091,1946.0,P084,S01,5,4021.2,2025-02-20
2092,693.0,P044,S04,7,3166.57,2025-05-24
2093,69.0,P016,S03,2,3992.06,2024-10-25
2094,213.0,P083,S05,6,1532.65,2025-02-20
2095,1560.0,P055,S01,8,4486.71,2025-04-30
2096,1492.0,P024,S01,8,3670.77,2025-03-21
2097,1707.0,P065,S01,4,4841.07,2026-03-05
2098,1983.0,P038,S03,6,329.48,2025-05-03
2099,760.0,P060,S05,9,303.93,2025-02-06
2100,1327.0,P032,S05,7,4363.96,2024-11-02
2101,361.0,P056,S03,7,3874.18,2024-11-20
2102,1464.0,P094,S05,9,3138.65,2026-01-07
2103,1346.0,P061,S01,5,2460.72,2025-12-11
2104,825.0,P083,S02,10,3734.95,2025-10-13
2105,864.0,P006,S03,4,2619.32,2025-01-19
2106,795.0,P009,S04,8,3890.05,2025-01-05
2107,1992.0,P017,S02,2,1764.2,2025-01-23
2108,585.0,P020,S05,8,3282.82,2024-07-21
2109,697.0,P024,S04,2,4132.6,2024-08-29
2110,723.0,P052,S03,10,1230.49,2025-05-12
2111,438.0,P020,S04,8,3483.88,2026-01-15
2112,850.0,P025,S03,3,2851.23,2025-05-11
2113,1187.0,P028,S02,6,363.75,2024-08-09
2114,866.0,P002,S01,9,1510.54,2026-01-19
2115,847.0,P064,S01,2,4602.82,2025-01-11
2116,147.0,P017,S03,2,4629.61,2025-10-07
2117,1941.0,P008,S01,7,2000.49,2025-07-11
2118,1746.0,P052,S05,8,879.02,2024-10-13
2119,1801.0,P029,S04,7,3723.63,2025-02-20
2120,1174.0,P081,S01,1,1517.64,2025-01-26
2121,161.0,P024,S03,9,775.59,2025-07-16
2122,1366.0,P058,S02,2,3822.14,2025-12-04
2123,1123.0,P075,S01,9,2190.7,2025-05-29
2124,1613.0,P041,S05,2,3895.51,2025-06-02
2125,54.0,P086,S03,8,4411.49,2024-09-14
2126,1764.0,P029,S01,6,699.32,2025-07-01
2127,108.0,P062,S02,8,428.28,2025-06-13
2128,478.0,P020,S02,8,2659.33,2025-06-11
2129,1454.0,P082,S04,9,2910.81,2024-07-26
2130,1061.0,P051,S04,8,4864.34,2025-01-21
2131,1421.0,P085,S05,6,3741.12,2026-05-27
2132,508.0,P067,S01,1,2240.43,2025-10-08
2133,1622.0,P078,S04,8,1064.14,2026-05-03
2134,819.0,P006,S01,8,3935.15,2024-10-10
2135,1222.0,P070,S02,1,3106.37,2025-08-01
2136,540.0,P073,S01,4,3193.8,2025-09-22
2137,1703.0,P026,S04,3,279.37,2025-11-09
2138,1826.0,P023,S01,9,2190.75,2025-09-11
2139,980.0,P008,S05,8,120.6,2026-04-12
2140,416.0,P061,S04,10,794.39,2026-02-07
2141,1013.0,P010,S01,2,145.04,2026-02-25
2142,1465.0,P017,S02,1,1531.67,2024-12-18
2143,1135.0,P046,S01,5,2958.95,2025-10-19
2144,443.0,P096,S03,9,3696.35,2025-08-24
2145,531.0,P092,S01,6,1612.35,2024-06-29
2146,375.0,P079,S01,6,1145.31,2025-11-25
2147,851.0,P040,S01,4,823.8,2025-01-24
2148,343.0,P049,S03,9,1859.93,2025-01-18
2149,696.0,P005,S04,9,627.72,2026-05-21
2150,836.0,P070,S02,9,1791.28,2024-12-30
2151,483.0,P047,S01,9,1715.16,2024-07-27
2152,1436.0,P060,S01,7,4349.27,2024-06-13
2153,1293.0,P027,S01,8,4487.62,2025-12-17
2154,1427.0,P071,S03,5,3155.72,2024-09-02
2155,729.0,P094,S04,9,2513.21,2025-01-01
2156,1043.0,P098,S03,4,3165.15,2025-03-10
2157,1219.0,P028,S03,10,1731.15,2025-04-05
2158,539.0,P002,S04,7,1344.51,2026-06-02
2159,162.0,P080,S03,1,2831.02,2025-06-12
2160,1382.0,P074,S02,10,4755.08,2025-04-13
2161,1803.0,P029,S01,9,2737.85,2026-05-20
2162,716.0,P030,S03,3,662.34,2025-11-04
2163,1749.0,P026,S01,10,4184.01,2025-07-06
2164,1934.0,P004,S02,5,4213.67,2025-04-27
2165,317.0,P045,S03,9,2104.86,2024-12-20
2166,1020.0,P034,S01,9,3462.45,2026-03-30
2167,1497.0,P041,S03,2,2683.94,2026-01-28
2168,1530.0,P078,S05,6,1196.55,2024-07-07
2169,1154.0,P097,S01,9,3782.15,2025-10-28
2170,1215.0,P056,S01,1,140.83,2026-02-19
2171,693.0,P010,S04,8,3620.13,2024-10-18
2172,275.0,P006,S02,1,2895.79,2024-08-29
2173,208.0,P049,S02,9,247.91,2025-02-24
2174,1334.0,P043,S01,3,2236.04,2024-06-26
2175,1314.0,P049,S05,10,1719.88,2025-01-07
2176,223.0,P091,S02,2,3055.96,2026-02-10
2177,1362.0,P064,S04,5,305.65,2025-07-27
2178,929.0,P038,S03,9,2135.45,2026-05-04
2179,1234.0,P089,S04,4,4138.94,2026-05-24
2180,1145.0,P011,S03,3,4629.89,2024-10-06
2181,8.0,P058,S05,3,1930.32,2026-05-17
2182,1318.0,P098,S04,4,651.91,2024-07-28
2183,1347.0,P020,S02,2,3093.27,2026-02-10
2184,572.0,P007,S02,9,3820.4,2026-05-12
2185,1797.0,P068,S02,1,544.26,2024-10-22
2186,315.0,P061,S01,4,1207.81,2025-12-26
2187,1787.0,P045,S05,6,4483.18,2025-08-07
2188,1645.0,P066,S03,1,4064.85,2025-03-05
2189,1258.0,P015,S05,6,3606.84,2025-08-19
2190,412.0,P055,S02,9,2920.21,2025-06-20
2191,427.0,P010,S02,6,816.7,2026-03-19
2192,166.0,P047,S02,6,1014.84,2025-03-20
2193,1941.0,P036,S05,3,1926.63,2026-05-23
2194,55.0,P076,S04,1,1277.86,2025-12-22
2195,1000.0,P059,S05,3,4648.31,2026-05-06
2196,1525.0,P002,S05,10,270.21,2026-05-01
2197,1037.0,P017,S01,10,2205.14,2024-12-29
2198,1908.0,P038,S04,2,3482.02,2024-06-10
2199,1892.0,P014,S03,2,3785.73,2026-02-18
2200,823.0,P096,S01,1,982.35,2025-04-29
2201,556.0,P001,S04,10,4863.36,2025-04-12
2202,272.0,P088,S01,3,891.18,2025-02-20
2203,925.0,P007,S04,6,3829.63,2026-01-10
2204,414.0,P100,S01,2,2949.86,2024-07-07
2205,768.0,P063,S04,6,3839.97,2024-08-06
2206,1746.0,P062,S05,6,119.29,2025-06-10
2207,270.0,P094,S03,6,2934.9,2024-08-24
2208,851.0,P021,S04,5,4258.3,2025-08-26
2209,1963.0,P087,S05,7,4034.02,2026-01-26
2210,421.0,P034,S05,9,815.59,2025-05-10
2211,688.0,P065,S01,6,2146.26,2025-01-18
2212,1346.0,P080,S03,7,3961.68,2025-11-02
2213,1193.0,P047,S03,4,1655.86,2025-12-15
2214,598.0,P080,S05,5,3890.5,2025-04-20
2215,987.0,P033,S05,1,444.9,2025-02-16
2216,613.0,P058,S02,3,4282.49,2024-11-07
2217,843.0,P003,S04,2,319.37,2024-09-20
2218,95.0,P056,S02,5,2921.55,2026-02-21
2219,837.0,P100,S04,3,3315.34,2025-11-28
2220,874.0,P053,S03,10,2846.65,2025-07-25
2221,1527.0,P016,S02,3,4792.86,2025-09-22
2222,1751.0,P093,S03,2,1385.9,2025-11-26
2223,1974.0,P036,S04,9,3431.26,2026-02-15
2224,1810.0,P045,S04,2,1130.59,2024-11-12
2225,178.0,P040,S02,5,4156.39,2026-01-06
2226,1333.0,P063,S01,3,3184.05,2025-10-21
2227,1038.0,P020,S04,6,3672.95,2024-06-20
2228,373.0,P083,S01,9,2452.7,2025-12-21
2229,304.0,P054,S02,9,2370.77,2025-03-18
2230,1650.0,P039,S05,9,2680.88,2025-03-14
2231,268.0,P011,S03,4,1682.1,2025-01-16
2232,602.0,P019,S03,6,3191.66,2025-12-02
2233,1699.0,P042,S02,8,1940.86,2025-11-30
2234,1727.0,P077,S03,8,3830.19,2024-08-22
2235,313.0,P087,S01,10,2236.45,2025-06-20
2236,55.0,P082,S04,4,4443.46,2026-01-19
2237,1509.0,P043,S02,2,957.44,2025-03-30
2238,159.0,P085,S05,2,1714.24,2025-07-11
2239,1854.0,P076,S01,6,247.13,2026-01-07
2240,1615.0,P025,S01,1,2322.35,2025-09-15
2241,202.0,P008,S01,8,1539.21,2025-12-22
2242,718.0,P084,S05,9,1295.79,2025-06-30
2243,421.0,P089,S01,1,3916.09,2026-04-30
2244,845.0,P082,S01,6,2705.2,2025-07-22
2245,357.0,P006,S01,5,4768.69,2024-09-26
2246,50.0,P017,S03,2,1230.77,2026-04-12
2247,288.0,P090,S02,8,2909.24,2026-05-24
2248,1381.0,P044,S01,3,4656.64,2025-04-27
2249,1279.0,P016,S03,3,1245.24,2026-02-03
2250,794.0,P091,S01,5,1002.14,2026-04-15
2251,1211.0,P027,S05,9,4427.33,2024-10-20
2252,785.0,P073,S01,7,4043.63,2025-10-16
2253,35.0,P065,S03,9,717.92,2026-04-07
2254,419.0,P050,S04,4,633.92,2024-07-19
2255,148.0,P070,S02,4,3929.85,2024-07-13
2256,578.0,P066,S02,8,2836.63,2025-05-23
2257,439.0,P027,S01,3,1023.76,2025-08-04
2258,1549.0,P003,S05,2,4925.78,2025-08-01
2259,1014.0,P059,S04,8,3091.89,2025-04-12
2260,915.0,P075,S04,10,2982.69,2026-02-15
2261,373.0,P020,S04,2,1915.43,2024-08-21
2262,253.0,P082,S05,4,4826.01,2025-12-28
2263,1280.0,P063,S05,2,2326.49,2024-09-27
2264,1812.0,P034,S03,6,4243.72,2025-08-13
2265,339.0,P060,S02,9,1929.59,2024-08-31
2266,1535.0,P048,S01,6,830.48,2024-11-29
2267,1218.0,P093,S01,1,3417.97,2024-11-10
2268,6.0,P010,S01,6,1480.65,2025-06-10
2269,1284.0,P085,S01,8,1744.01,2024-06-27
2270,1544.0,P085,S04,10,3466.46,2025-04-28
2271,1630.0,P056,S04,10,4309.43,2026-05-30
2272,219.0,P061,S04,1,359.4,2025-07-08
2273,64.0,P042,S01,8,1032.73,2025-12-29
2274,987.0,P033,S03,8,2910.54,2025-07-07
2275,1757.0,P034,S04,6,4468.83,2026-03-25
2276,1855.0,P042,S05,4,1853.54,2026-05-31
2277,309.0,P015,S04,10,3642.71,2024-07-27
2278,610.0,P089,S03,8,4281.25,2025-04-16
2279,1731.0,P042,S04,5,2770.95,2024-10-10
2280,1060.0,P036,S02,2,1910.65,2025-07-04
2281,1867.0,P010,S05,6,454.5,2025-07-19
2282,325.0,P011,S03,9,4923.96,2024-12-31
2283,1448.0,P002,S04,4,4818.89,2024-09-28
2284,759.0,P065,S03,9,2367.41,2024-10-15
2285,1835.0,P038,S02,10,3483.18,2024-09-10
2286,979.0,P088,S04,3,656.03,2026-01-29
2287,1196.0,P001,S03,8,3384.74,2024-08-07
2288,170.0,P019,S02,2,4186.99,2025-02-01
2289,1289.0,P008,S04,8,4688.6,2024-12-25
2290,1587.0,P062,S01,5,185.21,2024-06-17
2291,1535.0,P067,S04,8,3002.71,2024-07-30
2292,1444.0,P075,S01,4,3572.62,2024-10-16
2293,1266.0,P051,S05,5,2439.55,2026-03-26
2294,1702.0,P070,S03,6,2300.11,2025-02-07
2295,1650.0,P046,S01,6,1210.6,2024-08-01
2296,1180.0,P016,S03,5,4661.33,2025-03-10
2297,654.0,P054,S03,2,1225.58,2025-03-19
2298,1869.0,P053,S05,9,1897.55,2026-02-08
2299,1531.0,P072,S03,5,4576.3,2026-01-08
2300,1603.0,P065,S01,2,602.21,2024-09-10
2301,969.0,P020,S05,1,1100.15,2024-10-24
2302,514.0,P025,S04,2,1384.38,2026-03-27
2303,596.0,P089,S04,4,679.56,2026-06-08
2304,177.0,P022,S04,8,2194.12,2026-05-08
2305,732.0,P093,S01,4,3791.32,2024-12-27
2306,18.0,P084,S01,4,3938.31,2025-12-09
2307,648.0,P050,S05,2,153.18,2024-08-09
2308,1587.0,P010,S03,9,3358.42,2024-11-10
2309,747.0,P038,S03,7,4216.16,2024-07-08
2310,167.0,P023,S04,3,932.49,2025-01-25
2311,741.0,P087,S04,3,2619.91,2025-09-17
2312,1742.0,P081,S04,6,1214.47,2026-05-12
2313,44.0,P060,S03,7,686.83,2024-07-24
2314,1758.0,P069,S05,3,1257.56,2025-09-01
2315,1054.0,P080,S03,3,1307.02,2025-09-15
2316,750.0,P015,S04,9,2616.96,2026-02-24
2317,780.0,P058,S01,8,3771.69,2025-06-04
2318,408.0,P042,S03,5,1765.31,2025-09-30
2319,1442.0,P090,S03,7,1379.62,2025-06-09
2320,886.0,P073,S02,8,196.01,2024-07-29
2321,1263.0,P049,S04,9,3873.16,2026-02-23
2322,1379.0,P065,S02,9,1404.66,2024-07-05
2323,225.0,P064,S03,9,2244.46,2024-08-13
2324,989.0,P055,S02,3,2997.2,2026-05-03
2325,505.0,P037,S05,8,2199.5,2024-06-15
2326,858.0,P086,S02,3,1882.57,2024-10-19
2327,354.0,P049,S05,6,1980.03,2026-06-07
2328,360.0,P096,S03,2,3411.01,2026-01-10
2329,549.0,P065,S01,5,1868.98,2025-11-21
2330,1558.0,P015,S03,9,248.63,2024-09-19
2331,1936.0,P012,S04,1,4026.27,2024-10-04
2332,198.0,P092,S01,3,227.81,2025-08-05
2333,184.0,P055,S04,8,1729.58,2025-06-13
2334,1764.0,P083,S04,8,2126.79,2025-08-01
2335,1407.0,P045,S04,6,1892.79,2025-09-27
2336,918.0,P041,S04,8,3400.22,2025-02-15
2337,659.0,P081,S02,5,4502.07,2024-10-20
2338,1441.0,P076,S02,9,3685.64,2024-07-17
2339,1080.0,P030,S01,7,3052.24,2025-12-04
2340,1875.0,P010,S02,7,2775.21,2026-05-23
2341,1964.0,P024,S05,8,756.56,2025-01-26
2342,437.0,P024,S01,9,2758.7,2026-05-22
2343,99.0,P010,S05,6,4774.13,2025-07-10
2344,271.0,P026,S01,10,476.54,2026-05-17
2345,1000.0,P080,S04,4,715.5,2024-07-14
2346,1667.0,P083,S01,5,4109.69,2024-09-30
2347,667.0,P075,S04,9,4903.34,2025-06-30
2348,1987.0,P051,S03,4,1823.87,2026-04-08
2349,1152.0,P060,S01,7,2266.94,2026-05-24
2350,1509.0,P080,S04,3,2728.19,2026-05-09
2351,583.0,P076,S03,7,359.79,2026-03-08
2352,1644.0,P008,S04,9,4746.29,2024-08-21
2353,1215.0,P029,S02,2,2957.84,2026-04-22
2354,1918.0,P029,S03,10,1846.54,2024-11-20
2355,1403.0,P094,S03,3,371.75,2026-02-15
2356,1943.0,P079,S01,8,3166.32,2025-09-02
2357,1489.0,P010,S04,8,2129.94,2026-01-25
2358,1018.0,P008,S05,2,1855.66,2025-09-03
2359,444.0,P004,S05,7,3840.33,2026-01-16
2360,890.0,P093,S01,4,987.98,2024-08-08
2361,1908.0,P031,S03,10,2619.52,2025-09-07
2362,875.0,P037,S04,8,3555.4,2026-02-27
2363,1683.0,P063,S05,3,3807.8,2025-02-15
2364,1571.0,P083,S05,9,2765.55,2025-01-08
2365,469.0,P086,S01,1,3245.73,2026-03-29
2366,834.0,P071,S02,1,4639.99,2025-10-25
2367,1592.0,P006,S05,4,4346.75,2025-10-09
2368,1622.0,P070,S01,3,1854.08,2024-11-19
2369,816.0,P019,S02,9,2684.33,2025-09-06
2370,1531.0,P086,S02,9,4778.99,2025-06-12
2371,666.0,P011,S04,1,2309.9,2024-07-07
2372,193.0,P095,S01,5,806.5,2025-02-21
2373,79.0,P068,S05,3,4470.08,2025-08-19
2374,633.0,P030,S02,1,3171.85,2024-12-21
2375,1487.0,P028,S02,1,3212.86,2025-08-03
2376,579.0,P073,S02,1,284.27,2025-11-21
2377,173.0,P066,S04,7,3744.14,2025-04-13
2378,1479.0,P100,S01,8,1915.43,2026-03-18
2379,196.0,P038,S01,5,1291.66,2026-03-25
2380,131.0,P047,S05,10,3363.94,2025-12-08
2381,286.0,P047,S01,3,3261.14,2026-04-19
2382,1418.0,P005,S01,3,2007.51,2025-02-15
2383,1663.0,P085,S03,7,238.15,2026-02-13
2384,1297.0,P032,S05,10,1058.7,2025-03-22
2385,46.0,P074,S03,2,2484.72,2025-02-25
2386,1313.0,P095,S05,10,3378.04,2025-08-12
2387,1026.0,P085,S03,7,1895.6,2025-09-07
2388,1005.0,P055,S04,8,1227.64,2026-05-30
2389,1283.0,P087,S03,7,913.9,2024-08-22
2390,1941.0,P037,S05,6,1769.22,2025-11-27
2391,1561.0,P066,S02,9,4021.41,2025-06-18
2392,1127.0,P095,S02,10,1065.4,2025-10-12
2393,1931.0,P063,S01,2,1635.49,2026-05-25
2394,1766.0,P059,S04,1,4300.86,2026-01-03
2395,1703.0,P009,S03,5,702.58,2025-09-23
2396,1349.0,P090,S05,2,4394.85,2024-10-06
2397,1135.0,P067,S04,8,1994.0,2025-12-17
2398,1260.0,P084,S04,7,1687.91,2024-08-08
2399,1145.0,P006,S02,6,973.72,2026-02-02
2400,1461.0,P014,S05,8,1401.46,2026-04-30
2401,1784.0,P026,S02,5,4716.93,2026-02-21
2402,1878.0,P037,S04,8,3146.14,2026-04-15
2403,1743.0,P036,S05,3,3786.87,2026-04-28
2404,1817.0,P095,S03,1,4604.14,2024-07-11
2405,1507.0,P014,S04,8,192.78,2025-03-20
2406,1738.0,P079,S01,2,749.62,2024-11-30
2407,50.0,P079,S02,3,2959.25,2025-05-05
2408,635.0,P037,S05,10,1676.06,2025-03-15
2409,1915.0,P039,S01,9,824.17,2026-01-25
2410,1090.0,P031,S01,8,3568.05,2025-09-28
2411,1417.0,P082,S04,7,4098.47,2026-03-19
2412,852.0,P006,S03,2,4907.29,2025-08-29
2413,416.0,P087,S03,9,541.51,2026-01-19
2414,1814.0,P063,S02,4,4113.05,2025-08-03
2415,535.0,P004,S04,5,1536.66,2025-07-21
2416,1469.0,P051,S01,6,3730.38,2024-06-22
2417,1985.0,P091,S04,9,3178.53,2026-03-21
2418,1493.0,P018,S04,7,1425.64,2026-01-28
2419,757.0,P074,S03,5,3005.64,2025-06-28
2420,1287.0,P034,S05,8,3508.22,2024-08-08
2421,678.0,P047,S02,5,2865.91,2025-01-29
2422,34.0,P065,S02,10,498.44,2024-11-20
2423,923.0,P002,S03,1,4704.99,2025-10-30
2424,464.0,P027,S02,2,1336.61,2025-03-27
2425,1437.0,P089,S04,10,1932.39,2026-03-01
2426,1286.0,P078,S01,10,1697.18,2024-06-13
2427,1770.0,P040,S04,5,4354.24,2026-01-04
2428,357.0,P078,S04,4,946.37,2025-09-04
2429,295.0,P046,S01,8,2193.77,2025-10-06
2430,1602.0,P004,S01,8,4019.17,2024-07-20
2431,54.0,P037,S03,7,1615.52,2025-07-15
2432,699.0,P043,S05,2,2551.22,2025-09-24
2433,1109.0,P035,S01,1,3483.82,2026-05-28
2434,605.0,P058,S05,1,329.67,2025-02-25
2435,860.0,P060,S01,9,676.41,2024-07-17
2436,1416.0,P004,S03,1,1065.78,2025-12-30
2437,1753.0,P051,S01,4,4791.31,2024-07-21
2438,795.0,P071,S02,7,1469.06,2025-09-16
2439,820.0,P057,S03,2,2338.81,2024-12-11
2440,1979.0,P020,S02,3,1016.0,2026-02-10
2441,641.0,P078,S03,3,863.0,2024-08-18
2442,1305.0,P027,S05,8,2119.33,2026-05-18
2443,1313.0,P054,S05,7,3534.35,2026-01-11
2444,1636.0,P062,S04,10,2719.33,2025-05-14
2445,872.0,P032,S04,3,2159.08,2024-09-07
2446,118.0,P039,S01,7,924.04,2025-09-17
2447,1210.0,P035,S03,2,685.09,2024-06-23
2448,666.0,P033,S01,7,4184.75,2024-11-16
2449,1622.0,P048,S05,2,1723.75,2026-01-05
2450,518.0,P026,S01,2,2705.02,2024-07-13
2451,426.0,P008,S05,6,4355.48,2026-03-10
2452,109.0,P010,S02,5,232.04,2024-10-16
2453,1539.0,P094,S05,1,517.78,2025-01-08
2454,1429.0,P074,S05,5,1194.12,2024-11-14
2455,880.0,P012,S01,9,4671.12,2024-11-06
2456,213.0,P089,S02,9,2010.18,2024-06-13
2457,1923.0,P043,S02,1,3431.62,2025-02-27
2458,1027.0,P061,S01,8,4678.62,2024-11-17
2459,62.0,P100,S05,4,2899.09,2025-11-07
2460,693.0,P097,S04,7,1296.89,2024-11-25
2461,906.0,P069,S05,1,1970.63,2024-11-05
2462,697.0,P011,S05,8,3632.24,2024-11-30
2463,60.0,P064,S05,2,2935.51,2026-03-02
2464,1427.0,P096,S05,4,278.74,2024-10-29
2465,1915.0,P067,S03,3,3275.81,2024-10-11
2466,1753.0,P056,S03,9,4701.06,2025-11-28
2467,1321.0,P056,S02,7,1636.54,2025-05-22
2468,1684.0,P060,S04,7,2762.96,2025-11-09
2469,200.0,P084,S03,9,4751.37,2024-11-05
2470,296.0,P053,S04,3,859.25,2025-09-06
2471,1766.0,P089,S05,7,2987.38,2024-07-21
2472,1972.0,P093,S04,8,2743.15,2025-04-24
2473,1826.0,P089,S02,8,4359.85,2025-03-27
2474,932.0,P051,S05,7,3868.64,2025-03-14
2475,1901.0,P030,S03,4,2060.09,2024-09-23
2476,360.0,P038,S04,1,1709.22,2024-08-09
2477,558.0,P058,S05,1,3838.06,2025-04-28
2478,1342.0,P060,S03,2,792.74,2025-06-04
2479,891.0,P088,S03,7,3404.97,2024-11-21
2480,328.0,P088,S02,4,993.0,2025-02-11
2481,110.0,P063,S02,7,4213.57,2026-04-26
2482,1281.0,P038,S03,8,1408.04,2026-04-03
2483,1244.0,P035,S01,5,4024.97,2025-10-17
2484,780.0,P009,S05,10,1804.04,2024-08-12
2485,1020.0,P004,S02,9,4483.18,2025-08-20
2486,1724.0,P005,S05,5,3831.17,2025-10-11
2487,703.0,P018,S01,4,2264.24,2024-07-25
2488,1306.0,P017,S03,3,3340.6,2025-05-12
2489,97.0,P004,S01,5,2431.4,2025-03-24
2490,1011.0,P093,S04,4,4707.68,2024-08-19
2491,1360.0,P065,S02,10,4927.82,2024-09-03
2492,1161.0,P067,S05,8,1925.23,2024-09-28
2493,901.0,P069,S05,3,2665.86,2025-10-14
2494,315.0,P079,S01,8,1113.67,2025-12-18
2495,1604.0,P070,S05,7,571.12,2025-04-18
2496,890.0,P040,S03,8,599.91,2026-05-05
2497,755.0,P080,S01,6,2357.3,2025-12-11
2498,511.0,P037,S05,6,3149.46,2025-09-28
2499,715.0,P054,S02,3,495.44,2025-05-17
2500,754.0,P069,S03,1,590.49,2026-04-14
2501,1063.0,P097,S02,1,2022.15,2025-04-29
2502,1470.0,P041,S01,1,917.52,2024-12-02
2503,610.0,P006,S02,1,1405.25,2024-08-27
2504,1369.0,P080,S05,2,3884.84,2024-10-10
2505,1800.0,P050,S01,7,303.97,2025-02-27
2506,1509.0,P017,S03,4,1550.6,2025-04-26
2507,690.0,P035,S01,3,732.93,2024-07-05
2508,1361.0,P008,S04,7,1023.11,2024-08-23
2509,584.0,P008,S04,4,3291.33,2025-06-28
2510,1249.0,P063,S03,1,3288.22,2024-12-31
2511,1346.0,P045,S01,5,4988.1,2025-03-18
2512,1492.0,P052,S03,2,4739.62,2025-04-17
2513,1195.0,P030,S05,4,1211.01,2026-03-01
2514,218.0,P008,S04,2,1418.39,2025-06-08
2515,1722.0,P032,S01,1,1547.04,2025-01-10
2516,407.0,P059,S05,8,1401.4,2026-01-24
2517,1768.0,P036,S03,3,2606.27,2025-06-22
2518,268.0,P081,S05,5,1908.96,2025-10-28
2519,797.0,P034,S01,6,836.09,2025-03-17
2520,1762.0,P088,S01,8,3476.6,2025-11-04
2521,1176.0,P084,S05,5,349.27,2025-10-26
2522,300.0,P046,S01,2,2939.9,2025-12-17
2523,1258.0,P043,S03,10,4255.58,2024-09-07
2524,1491.0,P036,S05,8,188.45,2025-02-15
2525,1088.0,P014,S01,10,1843.58,2024-10-05
2526,601.0,P093,S02,4,1555.43,2026-03-23
2527,629.0,P019,S05,7,1220.31,2025-03-17
2528,1264.0,P066,S02,8,916.74,2024-09-04
2529,1937.0,P026,S03,2,3555.5,2025-05-11
2530,1058.0,P054,S03,6,3169.74,2025-02-24
2531,784.0,P066,S05,8,2042.7,2025-08-24
2532,1182.0,P080,S04,5,2682.59,2025-05-06
2533,804.0,P097,S05,2,1998.35,2024-12-03
2534,670.0,P090,S04,9,2970.24,2026-03-03
2535,1887.0,P032,S04,8,2331.91,2025-06-27
2536,1501.0,P044,S05,1,1515.57,2025-11-01
2537,1929.0,P074,S03,3,3053.65,2024-09-22
2538,339.0,P012,S05,10,3667.04,2025-06-27
2539,249.0,P083,S01,1,636.82,2026-02-15
2540,230.0,P021,S02,3,4624.56,2024-11-30
2541,988.0,P053,S03,9,4147.54,2026-05-31
2542,1026.0,P031,S02,4,271.18,2026-03-02
2543,611.0,P057,S05,1,692.27,2025-09-16
2544,835.0,P064,S01,4,1044.04,2025-05-22
2545,1325.0,P088,S01,6,4335.65,2025-09-29
2546,1274.0,P066,S01,7,4332.66,2024-06-16
2547,610.0,P086,S02,6,4452.03,2025-08-16
2548,1831.0,P029,S05,4,479.08,2025-11-21
2549,931.0,P079,S03,9,3065.77,2024-08-26
2550,929.0,P013,S04,9,4726.17,2025-04-15
2551,111.0,P048,S01,3,3393.19,2026-03-27
2552,1555.0,P040,S03,2,3515.28,2024-12-20
2553,1301.0,P083,S01,10,916.36,2025-08-20
2554,479.0,P085,S03,1,2819.97,2026-03-25
2555,1887.0,P041,S01,3,262.95,2025-11-30
2556,733.0,P042,S05,4,1839.6,2024-10-02
2557,804.0,P071,S01,8,1296.34,2024-12-07
2558,1657.0,P012,S02,4,4943.06,2025-02-26
2559,1211.0,P052,S05,5,2552.84,2025-11-03
2560,786.0,P063,S01,9,2450.21,2024-12-03
2561,1937.0,P018,S05,8,1930.05,2024-12-26
2562,322.0,P010,S03,10,1995.93,2026-01-06
2563,1273.0,P018,S03,3,4127.92,2025-12-11
2564,688.0,P095,S05,5,1765.85,2026-03-26
2565,1302.0,P046,S01,1,1147.54,2025-08-03
2566,17.0,P096,S05,3,4824.13,2025-07-12
2567,1137.0,P067,S05,8,3992.63,2025-02-16
2568,1033.0,P075,S04,4,3244.09,2026-03-23
2569,1990.0,P084,S05,4,3432.92,2024-10-17
2570,1750.0,P016,S01,6,342.71,2025-02-08
2571,588.0,P068,S01,5,746.31,2024-11-19
2572,1898.0,P066,S01,4,946.82,2024-12-12
2573,1043.0,P067,S03,6,3049.53,2026-03-26
2574,1397.0,P081,S03,5,2353.64,2025-02-13
2575,65.0,P035,S01,3,2455.17,2025-10-04
2576,732.0,P044,S03,3,2003.83,2024-11-03
2577,1677.0,P079,S02,6,206.77,2025-04-03
2578,1.0,P068,S03,4,4092.8,2024-06-25
2579,1943.0,P005,S05,1,2260.53,2026-05-20
2580,1221.0,P009,S05,5,1208.04,2025-11-13
2581,1512.0,P003,S02,10,1847.69,2026-05-13
2582,1404.0,P067,S03,9,2091.0,2026-04-17
2583,295.0,P078,S03,10,1954.85,2026-02-28
2584,912.0,P080,S04,7,492.97,2025-11-18
2585,1995.0,P053,S03,7,4877.25,2024-08-16
2586,723.0,P019,S01,10,2680.86,2024-08-30
2587,28.0,P077,S05,2,1932.35,2025-01-22
2588,351.0,P043,S05,10,2269.99,2025-02-09
2589,132.0,P067,S02,7,1491.17,2025-06-30
2590,41.0,P009,S05,8,2073.01,2025-07-06
2591,1119.0,P064,S03,2,145.85,2026-04-21
2592,225.0,P069,S05,6,3878.51,2025-01-14
2593,1271.0,P065,S04,5,4909.48,2026-05-22
2594,623.0,P075,S02,6,1763.38,2025-05-20
2595,486.0,P012,S05,5,4184.68,2026-03-02
2596,424.0,P037,S03,8,4458.66,2025-10-15
2597,1246.0,P045,S03,6,2569.83,2026-05-15
2598,70.0,P063,S05,7,2604.22,2025-12-24
2599,1738.0,P048,S02,6,1019.29,2024-07-04
2600,1553.0,P026,S01,6,4446.44,2025-10-19
2601,56.0,P013,S04,10,715.15,2025-07-16
2602,1636.0,P073,S03,1,1375.22,2024-08-19
2603,595.0,P087,S02,6,4297.82,2024-10-01
2604,1010.0,P096,S05,6,2233.6,2024-10-19
2605,523.0,P052,S04,7,4381.03,2025-10-03
2606,1495.0,P078,S03,2,4956.29,2025-11-10
2607,1378.0,P067,S03,3,4593.12,2025-05-13
2608,1617.0,P051,S05,10,4991.6,2024-09-28
2609,253.0,P014,S02,3,2505.66,2025-02-18
2610,119.0,P068,S03,7,417.92,2026-03-01
2611,621.0,P033,S03,9,4391.02,2024-07-20
2612,486.0,P040,S01,3,2119.76,2026-04-15
2613,1357.0,P057,S04,4,2153.29,2025-05-20
2614,416.0,P029,S04,5,4176.32,2025-12-10
2615,1330.0,P012,S02,10,1225.2,2024-07-29
2616,588.0,P081,S01,10,558.2,2024-06-11
2617,1292.0,P093,S05,1,2965.39,2025-09-18
2618,1851.0,P025,S01,9,160.68,2025-12-03
2619,226.0,P019,S02,6,4235.47,2024-12-19
2620,981.0,P052,S04,10,564.84,2026-03-02
2621,567.0,P026,S03,4,3070.98,2024-09-22
2622,901.0,P008,S04,1,2107.76,2025-09-25
2623,1716.0,P029,S02,2,1906.48,2025-03-13
2624,1102.0,P034,S03,5,2581.94,2026-01-09
2625,549.0,P024,S05,4,4776.92,2024-09-29
2626,1291.0,P027,S04,7,4356.22,2025-06-27
2627,535.0,P059,S02,2,4948.19,2026-03-05
2628,1976.0,P046,S01,4,4470.59,2026-03-18
2629,1001.0,P042,S03,9,2162.38,2026-05-29
2630,1405.0,P044,S05,3,4870.22,2025-12-15
2631,1534.0,P004,S04,4,833.78,2026-01-31
2632,1645.0,P041,S04,1,210.39,2025-11-14
2633,76.0,P005,S01,10,4588.5,2025-09-22
2634,615.0,P088,S03,1,3821.08,2025-11-24
2635,1262.0,P057,S05,7,3692.81,2025-12-31
2636,1969.0,P094,S03,6,3867.83,2024-08-02
2637,239.0,P018,S02,1,643.44,2026-06-09
2638,1298.0,P068,S04,2,4320.5,2024-11-07
2639,487.0,P077,S02,1,1930.06,2025-10-18
2640,28.0,P047,S01,4,290.03,2025-12-24
2641,365.0,P090,S03,3,4934.41,2024-08-26
2642,322.0,P029,S02,4,4305.25,2026-04-30
2643,1018.0,P095,S05,9,2287.88,2026-01-10
2644,1799.0,P046,S01,3,3541.97,2024-07-24
2645,1422.0,P098,S01,9,4837.82,2025-10-12
2646,44.0,P073,S03,7,3803.83,2025-12-14
2647,216.0,P044,S05,2,1531.59,2024-07-09
2648,1293.0,P069,S01,8,412.64,2024-11-23
2649,1470.0,P038,S04,6,4245.24,2026-04-02
2650,1018.0,P014,S01,6,1734.39,2025-01-11
2651,1674.0,P022,S03,2,3803.44,2024-10-01
2652,325.0,P055,S02,7,4854.01,2026-01-27
2653,655.0,P058,S01,8,2610.13,2024-11-15
2654,1831.0,P073,S04,7,3661.88,2026-02-02
2655,872.0,P007,S02,3,2530.44,2025-10-09
2656,1756.0,P038,S02,6,3644.21,2024-07-28
2657,811.0,P072,S03,1,1546.6,2026-03-05
2658,1622.0,P081,S05,8,545.05,2025-01-20
2659,1276.0,P071,S04,10,2828.49,2026-02-07
2660,1935.0,P062,S01,4,4357.27,2024-07-17
2661,1689.0,P088,S04,6,562.82,2025-06-22
2662,272.0,P051,S04,8,1008.72,2025-12-05
2663,1842.0,P007,S01,4,2575.78,2025-02-01
2664,1831.0,P061,S03,8,2415.13,2025-11-09
2665,331.0,P036,S01,9,3547.88,2026-05-16
2666,1639.0,P072,S03,7,2914.42,2024-06-12
2667,1548.0,P039,S05,3,1613.21,2025-07-26
2668,1634.0,P098,S02,7,496.45,2025-02-04
2669,740.0,P076,S02,4,3684.76,2024-08-04
2670,717.0,P057,S02,8,2007.41,2024-08-27
2671,295.0,P053,S01,1,2959.58,2025-05-04
2672,1167.0,P003,S05,2,2050.36,2024-09-19
2673,1921.0,P018,S02,9,4500.25,2024-11-01
2674,1866.0,P084,S02,1,2647.66,2024-10-14
2675,1279.0,P048,S03,4,1525.51,2025-11-14
2676,314.0,P033,S03,9,2930.26,2025-04-19
2677,964.0,P077,S03,7,2287.65,2025-07-20
2678,1761.0,P022,S03,6,4608.75,2026-01-01
2679,293.0,P027,S01,10,1493.91,2025-05-30
2680,228.0,P070,S01,8,694.04,2025-08-10
2681,1151.0,P088,S03,6,1283.48,2025-01-10
2682,1262.0,P048,S05,4,1985.8,2024-07-04
2683,614.0,P061,S01,3,3469.61,2026-01-03
2684,93.0,P007,S02,10,3093.5,2025-04-28
2685,651.0,P058,S03,2,3797.3,2024-10-13
2686,1403.0,P047,S04,7,3599.32,2026-01-03
2687,1459.0,P082,S05,10,391.12,2026-01-28
2688,1923.0,P005,S02,8,3507.24,2025-05-03
2689,60.0,P026,S04,1,580.35,2025-06-01
2690,1494.0,P090,S02,3,147.37,2026-02-16
2691,10.0,P064,S02,2,3368.7,2025-08-11
2692,1468.0,P013,S02,7,3093.88,2024-10-09
2693,547.0,P073,S05,4,2485.19,2025-03-04
2694,1868.0,P019,S05,9,562.4,2024-12-16
2695,289.0,P075,S05,9,1256.36,2025-04-20
2696,1319.0,P051,S01,6,2821.86,2026-02-02
2697,446.0,P040,S04,7,2823.03,2026-04-16
2698,1242.0,P093,S03,8,1732.75,2025-12-04
2699,1274.0,P053,S04,2,1444.15,2026-05-08
2700,287.0,P100,S05,8,4879.97,2026-05-16
2701,910.0,P098,S02,3,2970.38,2025-08-16
2702,165.0,P019,S03,9,2076.57,2024-08-24
2703,1165.0,P028,S02,9,1568.19,2025-12-21
2704,1481.0,P091,S02,6,210.91,2025-04-20
2705,1397.0,P089,S02,8,4677.31,2025-12-27
2706,1300.0,P047,S05,9,2786.15,2026-01-10
2707,1684.0,P078,S03,5,3519.24,2024-06-11
2708,526.0,P086,S02,10,3029.28,2026-01-23
2709,425.0,P093,S03,7,4167.69,2025-10-29
2710,1659.0,P065,S04,6,2352.26,2024-08-05
2711,470.0,P003,S04,9,4640.27,2025-04-11
2712,1314.0,P061,S04,10,2368.94,2025-04-21
2713,1800.0,P072,S01,8,960.01,2025-10-17
2714,475.0,P008,S04,1,3086.16,2026-05-03
2715,98.0,P019,S03,2,2639.02,2024-08-04
2716,654.0,P038,S02,9,908.44,2025-12-23
2717,949.0,P080,S01,9,2676.02,2024-12-15
2718,1990.0,P030,S04,10,1837.42,2025-08-24
2719,495.0,P098,S04,9,4624.28,2025-02-05
2720,606.0,P041,S05,1,1434.99,2024-08-25
2721,123.0,P038,S04,4,4755.08,2025-06-03
2722,1694.0,P066,S04,1,4331.33,2025-08-25
2723,1303.0,P038,S05,5,2210.38,2026-05-11
2724,979.0,P084,S04,10,3370.29,2025-01-23
2725,11.0,P097,S03,10,2477.39,2025-09-17
2726,1487.0,P040,S01,7,1938.15,2025-04-07
2727,805.0,P012,S01,7,906.23,2025-09-25
2728,1558.0,P032,S03,7,3546.64,2025-07-16
2729,289.0,P014,S01,8,1621.01,2025-06-13
2730,697.0,P017,S02,4,4312.3,2025-11-18
2731,244.0,P005,S04,6,411.4,2024-12-22
2732,1806.0,P042,S03,3,1153.06,2024-08-11
2733,1819.0,P057,S03,5,1182.05,2024-07-18
2734,977.0,P058,S05,1,4716.25,2025-11-21
2735,1551.0,P042,S01,3,2501.48,2025-10-30
2736,1730.0,P100,S01,10,457.99,2025-03-10
2737,1729.0,P088,S01,10,3572.72,2024-08-13
2738,73.0,P064,S04,8,485.49,2026-04-07
2739,303.0,P069,S04,8,4325.5,2026-03-13
2740,1108.0,P096,S01,2,453.29,2025-03-03
2741,1051.0,P052,S05,10,3958.11,2024-07-03
2742,1445.0,P027,S03,5,2312.35,2025-06-14
2743,1550.0,P016,S02,5,694.53,2025-05-04
2744,1635.0,P028,S05,5,1356.99,2025-03-12
2745,74.0,P017,S04,8,1388.78,2026-01-12
2746,1757.0,P083,S05,2,202.82,2024-06-11
2747,1364.0,P070,S05,3,4426.5,2025-10-16
2748,818.0,P020,S02,9,3093.18,2025-11-28
2749,257.0,P039,S03,10,2202.75,2025-10-14
2750,837.0,P010,S03,6,729.19,2025-10-26
2751,410.0,P058,S05,1,670.04,2025-06-29
2752,161.0,P072,S03,6,4613.95,2025-11-22
2753,234.0,P056,S02,4,4113.23,2024-09-03
2754,149.0,P063,S05,9,1027.08,2025-05-03
2755,1461.0,P021,S05,7,4750.3,2025-07-03
2756,619.0,P079,S04,9,4788.84,2024-07-28
2757,1634.0,P085,S01,9,3281.27,2024-11-08
2758,1745.0,P097,S04,3,622.46,2025-04-03
2759,972.0,P001,S02,8,4374.28,2024-09-04
2760,339.0,P016,S02,6,1303.03,2025-05-19
2761,1868.0,P056,S05,4,3227.31,2025-07-04
2762,1460.0,P034,S02,9,1141.0,2026-03-20
2763,1174.0,P004,S02,6,4616.69,2026-04-29
2764,689.0,P061,S05,5,3307.42,2025-01-01
2765,1381.0,P078,S05,2,2930.46,2025-02-18
2766,1634.0,P061,S01,2,2964.33,2024-11-25
2767,933.0,P072,S02,1,1526.96,2025-09-10
2768,1246.0,P054,S05,4,1552.78,2024-09-29
2769,992.0,P049,S05,2,2949.61,2025-12-21
2770,1244.0,P041,S02,5,775.02,2026-05-31
2771,252.0,P002,S03,2,4467.53,2024-11-29
2772,1620.0,P071,S02,6,2764.53,2025-09-23
2773,301.0,P088,S03,5,3766.41,2025-10-06
2774,606.0,P010,S01,5,1666.93,2024-08-09
2775,763.0,P006,S02,1,184.44,2024-10-27
2776,1760.0,P088,S03,8,237.14,2025-01-12
2777,257.0,P045,S05,6,3595.05,2025-11-03
2778,253.0,P017,S01,8,809.27,2025-03-16
2779,1513.0,P013,S04,7,278.13,2024-09-27
2780,744.0,P094,S02,10,669.91,2024-10-01
2781,739.0,P072,S05,8,1882.73,2025-12-23
2782,1609.0,P051,S02,4,2783.07,2026-05-18
2783,660.0,P028,S03,7,3274.34,2025-04-28
2784,749.0,P017,S03,8,4919.84,2025-04-27
2785,494.0,P094,S01,7,3607.51,2025-08-02
2786,1869.0,P017,S04,2,2118.33,2025-01-15
2787,1612.0,P086,S03,1,4598.33,2024-11-03
2788,573.0,P024,S02,10,3780.38,2026-02-16
2789,1687.0,P081,S01,6,2823.2,2024-09-26
2790,681.0,P095,S04,1,4313.38,2025-07-12
2791,179.0,P078,S04,10,1699.42,2024-11-27
2792,1419.0,P022,S03,2,3794.0,2025-10-03
2793,146.0,P063,S04,10,4243.98,2025-03-28
2794,298.0,P037,S03,5,3525.09,2024-10-14
2795,529.0,P096,S01,10,2001.71,2025-10-09
2796,1934.0,P045,S03,8,4752.73,2025-08-03
2797,197.0,P027,S03,10,3318.13,2024-06-20
2798,1704.0,P026,S03,9,3269.01,2025-10-08
2799,726.0,P037,S01,5,3645.84,2024-06-09
2800,129.0,P006,S05,8,1342.82,2025-03-06
2801,533.0,P013,S03,5,4046.76,2024-09-14
2802,1819.0,P005,S05,4,916.48,2025-11-11
2803,142.0,P100,S01,8,4969.69,2025-10-16
2804,74.0,P003,S02,2,4145.79,2025-03-20
2805,1937.0,P091,S02,4,2002.15,2024-10-25
2806,630.0,P003,S02,5,3239.6,2024-10-25
2807,908.0,P001,S01,1,1695.34,2025-10-28
2808,487.0,P032,S04,7,4661.45,2024-06-16
2809,229.0,P005,S01,5,1585.58,2024-11-01
2810,1536.0,P012,S05,4,3345.18,2025-12-02
2811,1621.0,P048,S04,4,535.37,2025-07-20
2812,818.0,P061,S02,6,2149.55,2025-11-23
2813,976.0,P098,S03,4,3607.95,2025-10-04
2814,1194.0,P051,S02,7,4356.82,2024-06-16
2815,20.0,P085,S01,7,4765.71,2025-07-28
2816,718.0,P094,S04,4,3259.23,2025-07-31
2817,502.0,P058,S04,8,4304.94,2025-08-28
2818,1381.0,P075,S01,2,4730.78,2025-12-29
2819,1576.0,P031,S02,5,3464.59,2026-02-23
2820,909.0,P066,S05,5,4888.86,2026-04-14
2821,1395.0,P039,S02,8,780.62,2025-11-23
2822,1159.0,P055,S05,8,1389.81,2026-05-01
2823,623.0,P013,S04,7,724.69,2026-04-04
2824,1362.0,P063,S05,3,4223.1,2025-10-26
2825,1463.0,P006,S01,5,4950.24,2025-09-26
2826,383.0,P067,S01,1,462.04,2025-02-09
2827,98.0,P051,S01,3,3715.66,2026-04-08
2828,1022.0,P094,S04,1,1373.47,2026-03-24
2829,292.0,P026,S02,10,3390.14,2026-05-08
2830,1329.0,P070,S03,2,791.96,2024-07-18
2831,1768.0,P063,S02,8,582.91,2025-03-20
2832,724.0,P020,S01,3,4940.92,2026-05-05
2833,1102.0,P099,S04,9,3922.27,2025-04-21
2834,974.0,P085,S02,8,1225.44,2024-11-21
2835,1192.0,P070,S03,10,1974.22,2026-05-20
2836,1290.0,P001,S02,9,2348.35,2025-09-13
2837,1808.0,P059,S04,4,4412.44,2024-09-13
2838,2000.0,P072,S03,4,3087.79,2025-08-09
2839,1242.0,P037,S02,10,4029.35,2026-04-18
2840,515.0,P017,S04,8,1007.64,2026-03-29
2841,925.0,P063,S02,9,4899.06,2025-12-12
2842,161.0,P001,S02,6,4231.02,2024-11-25
2843,1228.0,P020,S01,2,3056.93,2025-06-02
2844,999.0,P080,S02,8,3573.58,2025-08-14
2845,1794.0,P016,S02,8,1815.53,2025-10-20
2846,242.0,P010,S04,9,2106.19,2025-12-13
2847,1632.0,P029,S04,4,919.29,2024-12-25
2848,356.0,P031,S03,10,4522.37,2025-03-10
2849,285.0,P013,S01,2,4129.38,2026-01-23
2850,45.0,P023,S02,9,4797.79,2026-05-10
2851,425.0,P059,S05,6,2806.22,2025-12-14
2852,1096.0,P017,S01,2,2634.53,2024-11-23
2853,892.0,P099,S04,1,1175.96,2025-04-16
2854,1138.0,P038,S05,8,2025.42,2024-07-08
2855,414.0,P039,S04,10,2855.68,2024-12-29
2856,1080.0,P077,S05,10,4658.68,2025-02-15
2857,1733.0,P100,S04,8,747.43,2025-09-10
2858,1796.0,P060,S03,6,893.51,2026-03-11
2859,1613.0,P047,S02,8,4992.88,2025-03-04
2860,595.0,P087,S01,7,1213.56,2024-10-20
2861,101.0,P006,S04,3,119.14,2026-01-14
2862,83.0,P086,S05,4,1740.78,2025-09-16
2863,1815.0,P056,S02,2,2783.02,2025-01-16
2864,405.0,P009,S03,8,2532.78,2024-10-29
2865,96.0,P076,S03,2,2218.88,2025-12-28
2866,734.0,P022,S04,2,4827.5,2026-05-12
2867,2.0,P071,S01,2,3264.95,2025-07-29
2868,537.0,P006,S04,5,4544.46,2025-07-25
2869,99.0,P018,S03,4,1027.98,2025-11-10
2870,1838.0,P019,S05,8,3852.35,2025-05-26
2871,814.0,P009,S04,9,2965.07,2026-03-10
2872,773.0,P039,S01,4,1100.77,2024-09-13
2873,61.0,P041,S02,10,3578.38,2025-03-08
2874,146.0,P071,S03,6,4242.3,2025-06-14
2875,147.0,P014,S04,3,3071.84,2026-02-14
2876,1250.0,P080,S04,9,528.63,2024-12-15
2877,1028.0,P042,S04,7,3726.97,2025-09-26
2878,629.0,P021,S02,1,1118.42,2024-11-06
2879,1328.0,P095,S04,2,4531.94,2025-09-08
2880,234.0,P097,S01,5,2962.07,2024-12-27
2881,1191.0,P094,S03,10,1142.33,2025-01-09
2882,454.0,P067,S01,4,1840.27,2024-11-03
2883,1879.0,P051,S05,1,2849.51,2025-03-18
2884,1536.0,P045,S01,7,1316.31,2024-06-11
2885,471.0,P005,S01,8,826.68,2025-05-11
2886,104.0,P015,S04,6,4221.26,2024-09-27
2887,1931.0,P092,S05,9,3339.7,2024-11-19
2888,642.0,P088,S01,10,844.92,2025-11-25
2889,1010.0,P036,S02,1,4757.23,2026-01-26
2890,1554.0,P059,S02,5,398.84,2026-04-24
2891,1226.0,P039,S05,1,1049.2,2024-12-18
2892,822.0,P070,S05,8,3283.06,2025-12-05
2893,756.0,P043,S03,1,3007.35,2025-05-07
2894,1751.0,P043,S01,4,1750.52,2024-06-30
2895,1099.0,P034,S01,8,1894.63,2025-05-06
2896,251.0,P038,S01,10,639.74,2026-02-14
2897,1450.0,P073,S05,8,2918.36,2025-08-08
2898,1878.0,P006,S02,3,2067.67,2026-01-11
2899,1042.0,P008,S02,3,3724.83,2024-10-01
2900,1999.0,P083,S01,2,1979.11,2025-05-13
2901,433.0,P064,S05,6,3579.81,2025-10-27
2902,156.0,P098,S01,9,1501.33,2025-02-28
2903,184.0,P042,S03,4,843.78,2026-04-15
2904,673.0,P051,S01,2,749.74,2026-05-31
2905,389.0,P084,S01,7,192.94,2025-10-22
2906,133.0,P049,S03,5,2254.93,2025-03-13
2907,1689.0,P078,S01,4,1242.88,2025-06-09
2908,1444.0,P060,S03,9,1778.85,2025-07-12
2909,297.0,P057,S02,9,4811.54,2025-11-16
2910,1843.0,P029,S05,10,2053.17,2025-12-16
2911,953.0,P054,S05,5,2668.34,2025-02-23
2912,1075.0,P061,S03,9,4905.83,2026-05-13
2913,1120.0,P040,S01,3,4296.06,2025-07-31
2914,585.0,P001,S03,6,1133.36,2025-11-01
2915,791.0,P091,S03,6,3945.45,2025-05-30
2916,1377.0,P028,S04,7,4676.47,2024-11-23
2917,1584.0,P030,S03,4,2718.26,2025-08-31
2918,158.0,P098,S03,3,569.88,2025-03-13
2919,500.0,P018,S04,1,2434.22,2024-12-19
2920,1448.0,P053,S01,3,3119.69,2025-10-22
2921,160.0,P068,S02,8,3034.84,2024-12-19
2922,1186.0,P046,S02,7,2664.2,2024-08-10
2923,845.0,P088,S03,8,4442.28,2025-02-18
2924,961.0,P025,S04,2,646.1,2026-04-02
2925,424.0,P068,S02,7,2990.31,2025-03-10
2926,1025.0,P014,S01,9,2118.6,2024-10-04
2927,182.0,P033,S02,9,3906.66,2026-01-10
2928,452.0,P001,S05,9,3326.69,2024-09-08
2929,380.0,P069,S05,10,3220.29,2026-04-24
2930,1060.0,P095,S02,7,2749.8,2024-08-19
2931,1619.0,P022,S05,4,1729.88,2025-11-13
2932,1537.0,P094,S04,1,1431.19,2025-11-13
2933,238.0,P044,S05,8,4011.18,2024-12-30
2934,1970.0,P024,S04,8,760.05,2025-07-04
2935,1156.0,P061,S03,9,1313.9,2025-07-19
2936,733.0,P100,S02,5,4284.02,2025-11-01
2937,679.0,P094,S03,6,967.52,2024-06-22
2938,1450.0,P028,S05,2,4975.63,2024-10-21
2939,1834.0,P079,S01,8,4141.7,2024-08-17
2940,923.0,P042,S05,8,2905.3,2026-02-26
2941,965.0,P085,S03,2,2477.17,2024-11-10
2942,753.0,P059,S03,1,100.92,2024-10-21
2943,113.0,P086,S02,3,1533.32,2025-11-19
2944,1334.0,P056,S03,8,3335.24,2026-01-09
2945,286.0,P080,S02,10,934.6,2024-10-10
2946,1887.0,P006,S01,3,3359.5,2024-11-11
2947,1927.0,P039,S04,2,2442.03,2025-12-05
2948,1251.0,P069,S03,7,1376.43,2025-08-26
2949,1433.0,P053,S03,7,883.37,2026-03-04
2950,1285.0,P062,S03,7,503.26,2025-09-20
2951,200.0,P017,S05,10,140.66,2026-03-04
2952,6.0,P063,S02,10,155.36,2025-05-20
2953,868.0,P025,S05,10,3518.51,2024-10-28
2954,1775.0,P051,S01,10,2253.92,2025-06-30
2955,1695.0,P085,S05,9,217.9,2025-09-17
2956,1750.0,P009,S04,6,2362.64,2025-10-13
2957,1937.0,P073,S03,6,1298.77,2025-09-12
2958,1540.0,P064,S04,8,764.24,2024-11-01
2959,744.0,P008,S02,9,2581.48,2025-08-06
2960,42.0,P055,S05,6,4776.86,2025-11-25
2961,1232.0,P032,S02,8,3047.64,2025-05-06
2962,1062.0,P001,S03,8,4275.89,2025-02-11
2963,513.0,P052,S02,8,4935.58,2026-03-30
2964,794.0,P084,S03,4,2810.76,2026-02-18
2965,1404.0,P012,S01,6,151.79,2024-09-27
2966,293.0,P053,S02,3,1660.48,2025-10-07
2967,683.0,P077,S04,2,418.09,2025-09-08
2968,159.0,P095,S01,6,446.26,2025-07-31
2969,1977.0,P048,S01,1,3175.26,2026-01-11
2970,1652.0,P001,S01,4,2899.77,2026-02-26
2971,791.0,P022,S04,5,3082.14,2026-05-17
2972,1713.0,P058,S02,1,2633.7,2026-05-20
2973,1511.0,P046,S04,5,2061.7,2025-07-17
2974,527.0,P078,S01,5,2938.12,2025-12-06
2975,507.0,P093,S04,2,2732.36,2025-02-14
2976,354.0,P052,S02,8,3034.18,2024-10-22
2977,1568.0,P037,S03,3,968.36,2026-05-18
2978,729.0,P042,S05,9,3934.91,2024-12-17
2979,1756.0,P059,S05,9,4744.57,2025-10-11
2980,656.0,P083,S01,9,3306.08,2026-04-13
2981,1523.0,P074,S02,1,2253.17,2024-11-06
2982,1686.0,P032,S04,9,1805.34,2025-03-09
2983,1585.0,P048,S05,1,2885.18,2025-04-19
2984,944.0,P058,S01,10,2796.87,2025-10-26
2985,700.0,P027,S03,5,1911.26,2025-04-26
2986,1558.0,P042,S02,2,4711.5,2025-05-03
2987,1760.0,P027,S02,10,3623.47,2024-12-12
2988,658.0,P048,S05,10,804.93,2025-08-22
2989,544.0,P075,S05,8,1690.67,2025-11-04
2990,1234.0,P043,S02,4,2821.9,2024-11-24
2991,1379.0,P082,S01,4,174.12,2025-12-01
2992,670.0,P100,S04,1,4252.03,2025-05-27
2993,922.0,P024,S04,1,1723.17,2025-07-04
2994,1994.0,P044,S01,3,1785.5,2024-09-10
2995,1849.0,P044,S04,5,4633.51,2025-03-28
2996,1466.0,P047,S03,2,1188.58,2025-07-21
2997,332.0,P005,S02,2,3625.39,2026-04-24
2998,1432.0,P033,S04,7,2484.5,2024-12-27
2999,988.0,P003,S04,6,1351.11,2024-06-09
3000,1629.0,P024,S05,3,4493.88,2024-08-29
3001,1531.0,P007,S02,9,2354.24,2026-06-04
3002,647.0,P078,S01,8,2110.95,2025-11-01
3003,236.0,P062,S04,6,1837.1,2025-12-30
3004,1275.0,P087,S01,6,431.89,2024-10-15
3005,1168.0,P022,S05,2,1525.71,2025-09-14
3006,1136.0,P081,S02,4,4292.36,2024-10-26
3007,1727.0,P053,S05,7,1619.21,2025-08-11
3008,1271.0,P037,S04,3,1730.32,2025-06-19
3009,1337.0,P100,S03,8,2141.7,2025-10-10
3010,311.0,P042,S03,1,2160.95,2025-12-04
3011,1918.0,P086,S05,9,3281.66,2024-10-10
3012,1352.0,P022,S01,4,2620.0,2025-02-15
3013,1938.0,P036,S05,1,4609.25,2025-06-21
3014,971.0,P034,S02,10,2365.0,2026-03-12
3015,1330.0,P052,S03,1,783.3,2025-03-05
3016,909.0,P098,S05,1,2721.92,2026-03-28
3017,1393.0,P068,S01,4,4732.03,2025-04-27
3018,570.0,P020,S05,9,4920.58,2025-04-01
3019,455.0,P020,S01,3,4544.87,2024-07-11
3020,1590.0,P033,S01,5,961.38,2026-05-01
3021,138.0,P042,S03,5,1008.27,2025-01-26
3022,1598.0,P068,S04,9,2583.77,2025-09-18
3023,373.0,P078,S01,5,4753.17,2025-09-04
3024,238.0,P014,S04,8,4464.33,2026-01-19
3025,885.0,P092,S05,6,807.72,2025-12-30
3026,1559.0,P083,S03,4,1310.85,2026-01-23
3027,806.0,P007,S01,8,1704.16,2024-11-22
3028,1017.0,P023,S01,4,584.97,2025-10-23
3029,1782.0,P067,S02,7,2083.46,2026-05-05
3030,58.0,P048,S02,3,4902.59,2025-01-22
3031,632.0,P008,S02,10,816.15,2025-01-16
3032,539.0,P080,S02,7,3195.45,2025-02-11
3033,1907.0,P058,S02,2,4834.38,2024-09-05
3034,45.0,P068,S05,10,4288.8,2024-06-21
3035,1524.0,P065,S02,2,2988.53,2024-10-11
3036,1467.0,P077,S02,1,3347.55,2026-02-12
3037,235.0,P088,S02,4,1696.53,2025-05-29
3038,1397.0,P024,S05,3,2933.99,2025-09-12
3039,256.0,P021,S03,5,394.49,2025-02-16
3040,1945.0,P005,S05,7,535.6,2025-12-13
3041,832.0,P046,S04,2,3690.62,2025-12-27
3042,933.0,P044,S05,9,1475.29,2025-07-04
3043,1497.0,P079,S05,5,664.58,2025-01-02
3044,990.0,P020,S02,3,2128.85,2026-03-22
3045,187.0,P078,S05,9,2933.32,2025-02-12
3046,202.0,P020,S02,5,1378.99,2025-02-25
3047,1448.0,P073,S05,7,860.21,2025-03-01
3048,1415.0,P091,S01,2,3801.5,2025-06-09
3049,1798.0,P013,S03,10,4908.79,2025-11-25
3050,1825.0,P075,S01,8,4322.0,2025-07-06
3051,849.0,P048,S05,1,1475.26,2026-06-05
3052,842.0,P002,S02,4,1807.18,2025-03-19
3053,741.0,P067,S05,10,437.32,2026-02-23
3054,549.0,P065,S03,9,1849.45,2025-09-02
3055,1505.0,P041,S05,6,4759.23,2024-07-26
3056,1694.0,P029,S01,9,4745.33,2025-06-22
3057,889.0,P053,S05,10,4121.62,2024-09-16
3058,1657.0,P084,S02,7,4828.49,2025-06-02
3059,1907.0,P067,S04,2,3394.23,2026-03-07
3060,643.0,P029,S03,2,3388.64,2025-04-07
3061,1886.0,P056,S05,2,2570.09,2025-07-27
3062,1069.0,P076,S04,10,3339.39,2025-06-16
3063,9.0,P015,S02,4,3350.51,2025-06-30
3064,17.0,P023,S05,1,654.42,2025-04-18
3065,720.0,P090,S05,8,1907.85,2025-07-01
3066,1479.0,P076,S03,9,2224.57,2025-01-11
3067,504.0,P031,S04,1,4339.36,2024-06-22
3068,530.0,P081,S03,6,3632.84,2026-03-10
3069,527.0,P054,S02,7,1516.05,2024-08-03
3070,796.0,P074,S03,8,3115.34,2025-05-11
3071,1836.0,P052,S01,6,1044.15,2024-07-09
3072,1567.0,P027,S02,10,3091.51,2026-02-14
3073,1798.0,P095,S05,1,2684.51,2024-12-22
3074,1490.0,P055,S05,8,997.35,2025-05-13
3075,996.0,P066,S02,8,1343.99,2024-10-03
3076,1604.0,P052,S05,2,4847.7,2025-11-18
3077,1372.0,P049,S04,3,1012.72,2025-03-28
3078,1579.0,P022,S04,6,3907.47,2025-03-28
3079,1450.0,P080,S01,3,1413.81,2025-08-10
3080,1054.0,P045,S04,7,2923.44,2026-05-10
3081,328.0,P092,S02,4,4517.03,2025-09-14
3082,1731.0,P090,S03,3,1921.47,2025-12-14
3083,503.0,P096,S01,4,1676.97,2025-08-18
3084,1863.0,P009,S03,2,542.21,2024-08-11
3085,916.0,P055,S01,4,1082.6,2025-12-08
3086,1938.0,P062,S02,7,4696.5,2025-09-04
3087,58.0,P087,S03,4,941.75,2026-03-25
3088,1716.0,P030,S02,10,647.34,2024-10-07
3089,1087.0,P077,S01,6,3425.5,2024-11-20
3090,154.0,P007,S05,3,3312.18,2025-07-29
3091,961.0,P032,S05,1,4746.0,2025-12-29
3092,420.0,P013,S01,2,4852.58,2024-12-29
3093,1432.0,P078,S01,7,3063.46,2025-02-21
3094,227.0,P019,S01,6,4828.73,2025-07-22
3095,699.0,P042,S02,9,641.35,2024-12-01
3096,1390.0,P010,S05,10,4709.99,2024-07-16
3097,1153.0,P046,S04,6,287.56,2026-04-30
3098,220.0,P072,S01,3,4969.74,2025-02-15
3099,416.0,P041,S05,3,4012.88,2025-09-11
3100,415.0,P068,S05,4,3060.7,2025-06-01
3101,805.0,P019,S03,9,572.24,2026-04-08
3102,1248.0,P097,S01,10,127.04,2026-03-10
3103,650.0,P049,S02,4,257.17,2024-08-24
3104,163.0,P087,S03,7,344.97,2025-04-22
3105,497.0,P040,S01,1,2876.46,2026-03-06
3106,678.0,P015,S05,2,2815.02,2025-12-16
3107,859.0,P033,S01,2,1777.42,2026-04-05
3108,914.0,P039,S02,3,2817.84,2024-07-12
3109,1116.0,P067,S02,1,370.57,2024-10-22
3110,1452.0,P091,S01,6,1697.52,2025-07-22
3111,1940.0,P022,S05,6,1909.34,2025-07-03
3112,1334.0,P070,S05,3,435.16,2026-03-14
3113,912.0,P040,S05,9,3382.95,2026-02-08
3114,779.0,P087,S03,9,4586.12,2026-03-24
3115,1755.0,P014,S04,5,3932.19,2025-12-02
3116,544.0,P001,S02,7,3065.12,2025-10-21
3117,1149.0,P088,S03,8,2627.48,2025-06-28
3118,1505.0,P038,S05,4,327.43,2026-02-24
3119,1661.0,P100,S02,7,2888.4,2024-08-31
3120,505.0,P066,S03,7,681.66,2025-07-05
3121,1804.0,P018,S02,5,941.75,2024-06-10
3122,155.0,P045,S05,3,4942.91,2024-11-03
3123,820.0,P027,S04,8,3949.27,2025-11-23
3124,956.0,P096,S05,1,583.46,2026-02-01
3125,1997.0,P082,S03,9,1758.06,2024-06-27
3126,535.0,P016,S03,7,3550.97,2026-01-21
3127,87.0,P088,S05,10,4629.13,2026-01-15
3128,1937.0,P072,S02,4,4013.78,2025-02-16
3129,694.0,P055,S03,7,4809.93,2024-07-01
3130,1564.0,P086,S04,6,4300.61,2024-10-25
3131,905.0,P085,S01,8,2361.93,2026-03-07
3132,1568.0,P039,S03,3,736.5,2025-10-12
3133,351.0,P093,S05,3,4660.61,2026-01-26
3134,300.0,P014,S04,10,2928.81,2025-02-22
3135,1092.0,P081,S05,6,3390.54,2024-06-11
3136,693.0,P053,S01,1,2685.26,2025-04-24
3137,815.0,P074,S04,6,1036.06,2024-12-02
3138,1569.0,P085,S03,8,450.48,2025-10-25
3139,1251.0,P043,S02,2,480.83,2026-04-23
3140,756.0,P070,S05,1,2464.5,2025-07-17
3141,1936.0,P085,S02,3,3727.88,2025-02-15
3142,1242.0,P074,S04,6,3772.16,2024-11-24
3143,1685.0,P074,S04,4,2638.08,2024-11-02
3144,151.0,P045,S01,5,3238.29,2026-04-19
3145,449.0,P100,S02,3,1463.87,2026-01-09
3146,1261.0,P003,S03,2,4718.45,2024-11-06
3147,30.0,P096,S02,9,305.96,2026-02-23
3148,1840.0,P028,S05,4,269.63,2024-06-24
3149,919.0,P075,S05,9,293.16,2025-06-07
3150,1693.0,P052,S01,10,3648.6,2025-09-03
3151,1515.0,P094,S04,5,3822.78,2025-09-26
3152,429.0,P078,S02,1,3490.08,2024-07-16
3153,1010.0,P074,S01,7,2172.38,2026-01-17
3154,1696.0,P056,S05,4,1662.41,2024-10-18
3155,1267.0,P069,S01,4,4842.83,2026-03-20
3156,1643.0,P085,S03,5,3113.43,2025-06-06
3157,1131.0,P096,S05,7,4507.26,2026-02-26
3158,450.0,P081,S03,7,1678.2,2025-10-18
3159,775.0,P043,S01,2,105.63,2024-09-22
3160,1621.0,P096,S02,4,1657.9,2024-11-03
3161,1739.0,P089,S04,3,3661.65,2024-12-08
3162,656.0,P072,S02,5,4803.2,2026-02-21
3163,377.0,P048,S05,9,2398.74,2025-04-07
3164,198.0,P009,S01,10,3475.85,2024-12-01
3165,1839.0,P041,S04,7,3682.91,2025-05-06
3166,1472.0,P004,S02,9,1412.94,2024-10-26
3167,423.0,P038,S05,10,1772.98,2025-03-09
3168,1045.0,P059,S03,1,2447.54,2026-03-24
3169,1966.0,P070,S03,3,680.53,2026-01-07
3170,1233.0,P076,S04,2,4587.27,2024-07-17
3171,868.0,P068,S01,8,4646.29,2025-11-15
3172,971.0,P076,S03,1,2999.45,2026-01-15
3173,170.0,P038,S03,1,574.39,2024-09-19
3174,829.0,P088,S02,4,571.23,2024-07-15
3175,109.0,P011,S02,8,4430.47,2026-05-31
3176,676.0,P030,S05,10,3823.4,2025-02-10
3177,814.0,P020,S04,5,1755.08,2025-01-12
3178,42.0,P034,S05,8,2675.35,2025-02-23
3179,1553.0,P068,S02,9,2039.59,2025-08-28
3180,523.0,P020,S03,6,3833.1,2024-07-13
3181,1814.0,P005,S03,6,2945.16,2025-04-07
3182,319.0,P025,S05,6,2407.47,2024-11-25
3183,669.0,P074,S03,5,4229.66,2025-07-25
3184,286.0,P091,S05,8,4324.79,2026-03-12
3185,692.0,P082,S01,3,1139.09,2026-02-07
3186,1206.0,P057,S05,6,4516.32,2025-02-25
3187,292.0,P055,S02,1,285.94,2026-03-07
3188,1373.0,P058,S01,3,2662.52,2025-07-01
3189,445.0,P031,S04,8,4367.1,2024-09-27
3190,797.0,P056,S05,10,4147.96,2024-06-24
3191,1350.0,P072,S02,2,2560.43,2026-03-04
3192,1566.0,P034,S04,7,1353.47,2026-04-22
3193,233.0,P066,S02,3,2976.8,2025-02-02
3194,1579.0,P088,S03,6,655.52,2025-10-26
3195,670.0,P046,S03,2,1623.32,2024-09-16
3196,732.0,P080,S02,6,4108.28,2025-04-16
3197,1612.0,P091,S01,8,2139.94,2025-04-24
3198,945.0,P070,S02,8,4284.38,2026-04-09
3199,1116.0,P067,S02,6,2965.08,2025-12-24
3200,213.0,P082,S03,7,3216.19,2025-03-25
3201,1404.0,P097,S03,5,1795.07,2024-10-18
3202,1495.0,P059,S05,3,2357.23,2024-11-02
3203,597.0,P040,S05,7,3997.69,2024-08-28
3204,843.0,P037,S02,8,4275.75,2024-11-07
3205,717.0,P094,S03,10,1671.76,2025-06-06
3206,1423.0,P052,S04,7,4365.85,2024-12-06
3207,1487.0,P041,S03,2,4126.6,2024-09-12
3208,1914.0,P045,S01,5,4222.54,2025-04-22
3209,793.0,P066,S04,10,2127.15,2026-05-28
3210,946.0,P035,S04,1,1969.11,2025-08-26
3211,1069.0,P024,S01,2,760.58,2025-01-28
3212,390.0,P005,S03,7,537.03,2025-07-18
3213,1778.0,P099,S02,1,1930.14,2025-06-26
3214,1304.0,P033,S02,9,3764.22,2026-01-09
3215,1522.0,P019,S02,3,2533.6,2024-07-23
3216,734.0,P035,S05,2,250.13,2025-10-17
3217,1887.0,P022,S05,7,226.44,2025-08-14
3218,217.0,P040,S02,3,1280.11,2025-07-29
3219,1090.0,P083,S01,3,3329.79,2025-12-07
3220,1994.0,P066,S04,10,4765.64,2025-05-11
3221,275.0,P007,S01,3,2698.28,2025-10-09
3222,1140.0,P072,S05,8,2443.97,2026-01-09
3223,1384.0,P040,S04,9,3037.82,2025-02-16
3224,130.0,P016,S05,9,2793.02,2025-04-05
3225,506.0,P067,S04,8,3254.28,2024-11-14
3226,28.0,P077,S01,3,1066.76,2026-01-27
3227,197.0,P031,S05,9,4901.0,2026-02-09
3228,1916.0,P079,S05,6,3999.03,2024-09-29
3229,821.0,P001,S02,3,4884.64,2026-04-02
3230,1857.0,P021,S02,5,1611.77,2024-07-04
3231,1226.0,P085,S01,8,3441.49,2025-07-28
3232,153.0,P063,S01,1,2699.65,2024-07-08
3233,1342.0,P029,S05,9,2320.44,2026-04-09
3234,1963.0,P026,S04,5,3747.35,2025-10-12
3235,838.0,P073,S01,6,2655.27,2025-11-30
3236,17.0,P079,S01,4,4130.51,2024-10-09
3237,1330.0,P040,S03,1,4101.95,2026-01-10
3238,1432.0,P042,S01,7,4032.31,2025-04-17
3239,1545.0,P019,S01,1,3330.11,2025-05-19
3240,517.0,P028,S04,6,3820.03,2024-06-26
3241,520.0,P074,S03,6,2037.75,2025-12-09
3242,16.0,P100,S03,7,2321.28,2024-09-14
3243,453.0,P031,S02,2,4085.14,2025-08-24
3244,1085.0,P038,S03,6,843.44,2025-08-05
3245,1287.0,P073,S01,4,3980.02,2025-07-29
3246,1088.0,P020,S05,1,601.3,2025-11-23
3247,783.0,P045,S05,6,2794.56,2026-01-19
3248,164.0,P089,S04,6,3783.48,2026-01-12
3249,964.0,P096,S01,9,140.51,2025-04-09
3250,53.0,P073,S05,9,4509.05,2025-06-19
3251,701.0,P068,S04,10,4750.96,2025-10-26
3252,1109.0,P064,S04,4,4206.45,2025-05-18
3253,287.0,P098,S05,5,295.03,2026-01-02
3254,1748.0,P004,S05,5,4602.29,2025-09-17
3255,1861.0,P011,S01,5,3122.83,2025-03-12
3256,795.0,P081,S02,2,3968.81,2024-08-30
3257,172.0,P045,S01,6,4748.42,2025-02-12
3258,306.0,P052,S03,2,4521.36,2025-08-20
3259,1967.0,P060,S01,4,2842.38,2024-07-24
3260,438.0,P094,S02,7,4598.26,2024-11-17
3261,380.0,P037,S04,2,4980.82,2026-05-01
3262,999.0,P051,S04,3,4133.52,2026-05-20
3263,939.0,P018,S03,2,3307.76,2024-06-27
3264,1694.0,P028,S05,5,3614.93,2024-12-18
3265,1238.0,P099,S03,3,174.05,2025-07-03
3266,258.0,P031,S04,10,4968.88,2025-05-27
3267,762.0,P002,S01,9,1248.68,2026-05-15
3268,572.0,P090,S04,3,3619.33,2024-11-28
3269,754.0,P063,S03,10,185.53,2025-04-20
3270,1437.0,P047,S05,1,4708.41,2025-11-18
3271,1681.0,P092,S05,3,2515.36,2025-10-31
3272,1180.0,P027,S05,3,4110.78,2024-11-28
3273,1099.0,P041,S01,9,4314.32,2024-08-14
3274,480.0,P021,S03,10,2121.37,2025-07-04
3275,1202.0,P045,S04,10,4646.47,2024-07-05
3276,1245.0,P007,S03,10,1730.39,2024-06-21
3277,339.0,P051,S02,1,4558.72,2024-11-09
3278,757.0,P080,S05,8,2433.22,2026-03-29
3279,372.0,P011,S01,10,4677.73,2025-02-19
3280,1889.0,P002,S05,9,3631.97,2025-08-08
3281,1548.0,P052,S01,3,2992.76,2025-08-18
3282,1467.0,P035,S03,4,467.15,2026-02-08
3283,765.0,P001,S03,10,1387.2,2025-02-13
3284,933.0,P002,S02,1,2740.78,2024-06-16
3285,427.0,P099,S02,9,980.09,2025-04-27
3286,1596.0,P019,S02,3,2241.79,2024-08-12
3287,899.0,P006,S02,4,4624.72,2025-09-08
3288,1090.0,P060,S04,3,4137.59,2025-10-07
3289,869.0,P030,S02,10,2898.31,2025-07-31
3290,1777.0,P003,S04,5,1338.41,2025-11-27
3291,1097.0,P063,S01,10,249.87,2024-08-08
3292,35.0,P092,S02,8,593.59,2026-05-01
3293,837.0,P020,S02,1,1426.47,2025-07-20
3294,150.0,P048,S05,2,4739.8,2025-05-20
3295,1014.0,P094,S05,4,3200.45,2025-11-15
3296,14.0,P013,S01,2,2891.06,2024-07-02
3297,1316.0,P043,S05,10,3837.96,2025-03-15
3298,949.0,P056,S03,7,2798.47,2026-05-07
3299,1816.0,P016,S01,8,867.66,2026-06-04
3300,1678.0,P003,S04,1,196.77,2024-07-11
3301,1271.0,P078,S03,1,3291.9,2024-12-13
3302,1459.0,P096,S01,6,669.94,2024-11-16
3303,59.0,P083,S01,10,1269.21,2025-12-31
3304,1979.0,P018,S05,10,3241.48,2024-11-22
3305,1142.0,P016,S03,4,4039.57,2024-10-24
3306,68.0,P092,S02,3,322.64,2026-01-07
3307,1319.0,P059,S01,9,295.34,2025-05-28
3308,818.0,P084,S02,10,2281.52,2024-07-31
3309,892.0,P056,S03,7,3750.51,2024-08-19
3310,587.0,P017,S03,5,2442.05,2025-04-27
3311,271.0,P042,S02,9,1558.19,2026-04-16
3312,1249.0,P073,S01,10,4678.05,2026-01-28
3313,1577.0,P004,S03,2,3850.49,2026-03-07
3314,657.0,P061,S02,9,2637.05,2026-01-20
3315,119.0,P019,S04,1,3171.89,2025-04-08
3316,594.0,P018,S02,10,753.58,2025-11-13
3317,1879.0,P055,S03,6,2070.85,2026-02-24
3318,1028.0,P028,S05,3,1577.44,2026-01-02
3319,1699.0,P085,S03,3,2550.86,2024-08-23
3320,845.0,P069,S05,6,4345.12,2024-10-02
3321,1281.0,P070,S03,9,553.89,2026-05-27
3322,1001.0,P018,S02,7,4005.64,2024-09-06
3323,1737.0,P035,S03,9,1650.98,2025-06-03
3324,659.0,P039,S03,2,3329.83,2025-09-21
3325,533.0,P052,S05,6,4865.03,2026-02-11
3326,1339.0,P084,S03,7,1878.52,2024-07-02
3327,1043.0,P077,S01,9,2168.42,2025-04-20
3328,107.0,P017,S04,4,382.5,2024-11-11
3329,666.0,P007,S05,9,3054.85,2025-02-22
3330,779.0,P004,S04,8,2525.39,2026-01-19
3331,577.0,P006,S03,9,2674.87,2024-09-17
3332,495.0,P083,S04,1,540.37,2024-09-17
3333,1219.0,P095,S05,2,4786.96,2025-12-03
3334,667.0,P094,S05,2,3272.84,2025-03-29
3335,40.0,P098,S05,4,2520.04,2024-10-25
3336,1260.0,P082,S03,6,876.06,2024-12-07
3337,1174.0,P003,S02,9,4602.12,2025-03-09
3338,1891.0,P076,S05,3,1460.19,2025-12-27
3339,1368.0,P052,S04,7,157.19,2024-08-10
3340,902.0,P018,S05,2,3496.35,2024-10-26
3341,394.0,P039,S01,2,3735.63,2026-04-27
3342,1658.0,P023,S03,4,3695.45,2024-09-08
3343,1356.0,P048,S01,9,3021.18,2026-03-28
3344,1007.0,P040,S02,6,3095.62,2025-01-12
3345,907.0,P076,S01,2,4413.68,2025-01-24
3346,1080.0,P020,S05,7,3947.76,2025-03-20
3347,1638.0,P095,S03,10,3993.52,2025-04-27
3348,426.0,P080,S03,9,2551.73,2025-05-02
3349,1521.0,P006,S03,8,2858.32,2026-01-17
3350,1343.0,P091,S05,3,1682.36,2024-10-09
3351,1792.0,P093,S03,5,3921.87,2024-10-29
3352,1221.0,P001,S05,2,962.33,2024-08-18
3353,773.0,P032,S01,8,284.39,2026-05-26
3354,761.0,P019,S01,9,1279.36,2025-10-12
3355,1431.0,P078,S02,6,2223.88,2025-09-18
3356,1938.0,P066,S05,7,3416.2,2024-07-18
3357,116.0,P093,S01,2,116.8,2024-11-25
3358,977.0,P046,S04,1,3510.05,2024-11-06
3359,572.0,P029,S02,5,3715.27,2024-08-30
3360,114.0,P072,S05,9,3310.24,2025-11-21
3361,643.0,P068,S01,5,4256.37,2025-06-22
3362,1188.0,P057,S05,8,3631.93,2024-07-14
3363,1799.0,P032,S03,5,2247.97,2025-02-04
3364,1913.0,P088,S02,6,150.92,2025-05-26
3365,61.0,P095,S02,9,2205.87,2025-07-14
3366,1007.0,P056,S02,10,1221.72,2025-07-14
3367,1778.0,P054,S03,9,3819.07,2026-04-11
3368,335.0,P030,S01,1,1653.93,2026-02-14
3369,774.0,P016,S01,6,1758.66,2025-06-14
3370,1146.0,P022,S01,9,4879.13,2025-09-02
3371,764.0,P004,S02,9,4115.53,2024-08-17
3372,230.0,P020,S02,6,845.33,2025-04-05
3373,733.0,P033,S04,2,1796.25,2025-08-01
3374,1273.0,P076,S05,5,3962.96,2026-03-03
3375,394.0,P079,S04,10,1072.85,2025-04-19
3376,712.0,P066,S03,6,3207.46,2025-12-25
3377,1808.0,P039,S02,8,1843.63,2025-05-12
3378,587.0,P014,S04,4,1549.81,2025-10-17
3379,244.0,P065,S02,5,508.57,2024-09-10
3380,622.0,P090,S04,6,3542.48,2024-08-08
3381,1645.0,P076,S03,10,404.34,2024-08-03
3382,1317.0,P078,S02,5,1301.35,2025-10-07
3383,105.0,P059,S02,6,574.47,2025-08-27
3384,1763.0,P026,S05,5,780.99,2025-05-27
3385,1607.0,P047,S02,6,3929.95,2026-02-01
3386,1760.0,P079,S03,7,3661.82,2024-10-19
3387,653.0,P035,S04,8,790.87,2025-12-25
3388,1491.0,P070,S01,1,1323.21,2024-12-10
3389,762.0,P062,S01,5,3115.79,2025-12-03
3390,601.0,P039,S05,10,1899.08,2024-12-08
3391,524.0,P028,S02,6,271.52,2025-03-28
3392,213.0,P039,S03,1,4860.0,2025-09-28
3393,1352.0,P075,S01,7,2005.57,2025-01-20
3394,1130.0,P044,S04,7,4451.7,2025-05-20
3395,408.0,P029,S04,10,754.38,2026-05-27
3396,4.0,P093,S01,3,241.69,2025-03-02
3397,1539.0,P033,S03,3,2951.29,2026-04-01
3398,280.0,P017,S03,4,1952.72,2025-04-26
3399,318.0,P050,S03,6,3198.44,2025-02-25
3400,1346.0,P008,S03,6,3260.71,2025-12-25
3401,682.0,P026,S03,4,3220.76,2026-04-10
3402,1004.0,P007,S01,9,3079.24,2025-08-07
3403,935.0,P013,S05,5,1612.22,2024-10-03
3404,390.0,P095,S01,7,717.74,2025-02-01
3405,366.0,P094,S04,1,189.18,2024-09-09
3406,1976.0,P032,S01,10,316.6,2025-04-06
3407,728.0,P011,S02,9,1745.38,2025-04-04
3408,1036.0,P095,S05,6,1081.11,2025-01-27
3409,729.0,P091,S01,6,1283.61,2026-05-01
3410,1233.0,P021,S05,5,4578.06,2025-11-30
3411,369.0,P018,S04,4,1342.89,2025-04-15
3412,765.0,P019,S02,1,4031.41,2025-05-07
3413,1987.0,P028,S03,1,2398.81,2024-11-16
3414,280.0,P090,S03,1,481.09,2025-06-29
3415,801.0,P098,S01,5,363.96,2025-08-27
3416,191.0,P031,S05,8,4992.4,2025-12-26
3417,973.0,P081,S05,8,2882.69,2024-10-09
3418,710.0,P093,S05,7,4044.68,2026-05-09
3419,452.0,P055,S02,8,1051.52,2026-05-24
3420,745.0,P010,S03,4,3568.77,2024-11-05
3421,537.0,P086,S04,3,679.7,2025-12-20
3422,410.0,P015,S03,1,1972.97,2024-12-15
3423,748.0,P042,S01,6,243.34,2024-07-19
3424,1879.0,P025,S01,2,4957.78,2024-11-13
3425,112.0,P031,S02,7,129.36,2025-09-17
3426,419.0,P025,S03,8,1204.62,2024-08-08
3427,1406.0,P001,S01,9,619.27,2024-08-09
3428,1456.0,P099,S02,2,4119.85,2026-02-17
3429,74.0,P009,S04,4,3063.64,2025-06-10
3430,1038.0,P052,S01,3,3018.09,2024-06-21
3431,994.0,P045,S04,5,344.79,2024-06-30
3432,1027.0,P059,S03,1,2519.89,2026-04-16
3433,1465.0,P099,S03,5,4338.86,2024-08-07
3434,440.0,P095,S05,5,912.06,2026-02-14
3435,405.0,P020,S05,8,1779.48,2026-01-14
3436,1371.0,P100,S02,1,591.66,2026-06-06
3437,1928.0,P087,S05,8,1180.3,2025-10-05
3438,1371.0,P018,S04,9,1723.39,2025-04-20
3439,79.0,P001,S03,5,4446.63,2025-10-29
3440,1239.0,P012,S05,5,1144.57,2025-08-08
3441,524.0,P036,S04,9,4176.96,2024-07-28
3442,26.0,P091,S02,7,1176.22,2024-08-19
3443,910.0,P026,S03,4,4163.69,2025-01-21
3444,767.0,P023,S04,9,868.39,2025-11-25
3445,284.0,P063,S01,8,3640.18,2025-04-07
3446,1218.0,P028,S03,2,3124.94,2024-10-06
3447,1229.0,P074,S05,4,2193.6,2026-05-14
3448,491.0,P020,S04,7,1676.28,2025-02-23
3449,911.0,P077,S01,1,4182.6,2026-04-24
3450,1384.0,P022,S01,7,2813.23,2024-10-07
3451,44.0,P070,S01,8,1027.9,2025-12-30
3452,136.0,P072,S03,5,1709.55,2024-11-18
3453,671.0,P086,S01,4,925.75,2025-10-05
3454,1327.0,P060,S01,6,1040.0,2024-11-25
3455,199.0,P019,S04,3,4765.5,2024-12-20
3456,688.0,P030,S02,4,789.85,2026-05-27
3457,337.0,P002,S05,6,4434.54,2024-06-27
3458,9.0,P007,S02,7,4673.02,2024-12-07
3459,246.0,P056,S05,6,206.03,2026-06-04
3460,408.0,P013,S01,3,2987.57,2026-03-24
3461,1104.0,P040,S03,7,3553.25,2024-12-29
3462,570.0,P036,S02,9,2695.38,2024-12-05
3463,1858.0,P056,S03,2,3880.39,2024-09-13
3464,802.0,P092,S03,2,3685.4,2026-04-24
3465,102.0,P037,S05,3,1509.87,2024-09-11
3466,1102.0,P053,S04,10,2550.74,2025-10-10
3467,1234.0,P011,S05,10,2277.41,2025-10-15
3468,678.0,P054,S02,1,4705.06,2024-12-26
3469,941.0,P070,S02,10,3997.13,2025-09-24
3470,690.0,P055,S01,8,1675.32,2026-01-25
3471,1624.0,P051,S05,9,1561.96,2025-11-03
3472,1025.0,P060,S05,3,1105.71,2025-12-21
3473,393.0,P082,S01,10,3183.21,2026-04-23
3474,1041.0,P075,S01,8,729.69,2025-11-17
3475,1335.0,P033,S04,10,1945.96,2026-01-25
3476,948.0,P059,S04,4,1549.13,2026-05-26
3477,622.0,P041,S04,9,328.6,2025-01-23
3478,336.0,P031,S01,6,3231.98,2025-01-15
3479,1958.0,P026,S04,2,4456.61,2025-03-10
3480,839.0,P013,S04,2,1303.06,2025-12-06
3481,589.0,P065,S01,4,1306.09,2025-09-26
3482,727.0,P047,S03,6,909.25,2026-04-13
3483,184.0,P039,S05,1,3564.8,2025-04-22
3484,490.0,P094,S05,5,4617.7,2025-05-11
3485,1289.0,P076,S04,1,1057.93,2024-10-07
3486,1745.0,P006,S03,6,1279.3,2025-07-02
3487,857.0,P006,S01,4,2869.09,2025-01-13
3488,980.0,P044,S02,7,1048.62,2024-10-25
3489,835.0,P030,S01,6,4497.12,2024-09-17
3490,1762.0,P035,S02,1,2627.46,2025-10-14
3491,1391.0,P069,S03,9,2762.99,2026-06-01
3492,1949.0,P091,S02,4,2676.6,2024-09-10
3493,588.0,P029,S02,10,3998.97,2026-05-26
3494,1832.0,P082,S02,10,1037.34,2025-07-14
3495,674.0,P095,S02,8,1003.38,2024-07-02
3496,1563.0,P006,S03,5,543.5,2025-03-15
3497,419.0,P080,S05,8,4585.27,2024-11-03
3498,1738.0,P012,S02,6,3169.44,2024-09-26
3499,1519.0,P004,S03,6,3420.0,2024-10-06
3500,1450.0,P004,S03,1,3439.93,2025-02-15
3501,1585.0,P019,S02,1,1057.82,2025-11-06
3502,306.0,P045,S04,8,2581.47,2026-06-08
3503,923.0,P014,S04,5,2440.71,2024-07-01
3504,388.0,P006,S05,1,1500.29,2024-08-21
3505,235.0,P001,S04,5,3472.55,2025-11-08
3506,75.0,P024,S01,5,2155.95,2024-11-02
3507,423.0,P024,S02,5,1592.68,2025-02-13
3508,476.0,P051,S01,4,3951.17,2024-11-02
3509,730.0,P068,S02,9,1521.43,2025-05-14
3510,165.0,P021,S01,3,261.88,2025-05-31
3511,1584.0,P020,S05,9,2478.0,2026-03-10
3512,729.0,P029,S03,1,4212.12,2024-11-10
3513,1760.0,P037,S03,9,1461.86,2024-11-02
3514,801.0,P097,S03,8,1963.45,2025-11-10
3515,1026.0,P078,S04,8,2536.53,2025-09-29
3516,285.0,P087,S03,3,1665.33,2025-08-18
3517,1725.0,P035,S02,6,207.16,2026-03-08
3518,914.0,P100,S05,8,2463.3,2024-12-05
3519,79.0,P058,S01,5,2659.36,2024-08-05
3520,1461.0,P032,S02,8,1707.98,2024-11-01
3521,870.0,P093,S02,3,1496.86,2026-06-03
3522,1645.0,P023,S05,3,4797.34,2025-11-10
3523,1928.0,P001,S01,8,361.66,2026-05-23
3524,224.0,P063,S04,4,1041.08,2026-01-28
3525,548.0,P015,S02,5,2811.99,2024-07-18
3526,903.0,P029,S04,7,864.79,2025-02-21
3527,542.0,P097,S04,7,3903.73,2026-02-11
3528,296.0,P032,S04,5,1005.07,2026-01-22
3529,1082.0,P002,S01,4,3529.23,2025-10-16
3530,987.0,P057,S04,6,1213.09,2025-12-05
3531,1091.0,P025,S03,5,4417.36,2025-05-11
3532,1250.0,P063,S03,8,208.6,2025-12-24
3533,1340.0,P054,S05,1,4078.19,2025-08-18
3534,1091.0,P098,S05,1,4806.52,2025-06-19
3535,367.0,P097,S04,8,1600.86,2026-02-10
3536,1285.0,P005,S01,4,3963.85,2024-10-01
3537,1866.0,P014,S02,7,1101.83,2025-03-01
3538,1375.0,P083,S01,1,4997.55,2026-01-24
3539,644.0,P001,S01,1,3514.45,2025-04-20
3540,563.0,P074,S04,2,4552.09,2025-12-14
3541,1374.0,P056,S04,4,4565.22,2026-01-02
3542,1153.0,P042,S03,8,2838.21,2025-11-22
3543,1816.0,P014,S01,1,1182.19,2025-12-05
3544,1665.0,P098,S03,2,4771.83,2026-02-14
3545,1396.0,P079,S03,8,3841.35,2025-11-23
3546,878.0,P040,S05,2,282.33,2025-12-24
3547,43.0,P052,S05,9,3921.02,2025-11-25
3548,1971.0,P074,S05,3,2955.51,2026-05-12
3549,1219.0,P014,S02,6,1726.21,2024-11-02
3550,814.0,P091,S01,10,2695.24,2026-01-12
3551,563.0,P037,S01,4,1479.73,2024-08-03
3552,591.0,P021,S02,5,1781.45,2024-08-30
3553,1103.0,P009,S02,7,4088.57,2024-12-03
3554,798.0,P089,S01,1,2667.16,2025-05-24
3555,595.0,P076,S01,8,4046.48,2024-08-14
3556,446.0,P006,S01,9,3566.7,2026-05-05
3557,360.0,P091,S04,8,864.6,2025-04-02
3558,830.0,P087,S04,4,1201.93,2026-02-04
3559,1284.0,P061,S03,7,1967.18,2024-12-18
3560,1482.0,P069,S04,4,195.69,2025-12-11
3561,666.0,P011,S01,4,3090.73,2024-08-18
3562,727.0,P079,S02,3,4192.55,2024-12-11
3563,1013.0,P072,S04,6,1880.17,2025-10-29
3564,1265.0,P032,S02,5,4441.02,2026-05-22
3565,244.0,P022,S04,7,4489.25,2025-06-07
3566,206.0,P009,S04,3,3465.3,2026-02-14
3567,118.0,P020,S02,8,4475.7,2025-05-17
3568,256.0,P031,S04,6,241.38,2026-05-20
3569,1981.0,P096,S04,9,590.29,2024-07-15
3570,1546.0,P061,S01,4,3304.46,2025-04-24
3571,1726.0,P024,S03,5,4128.14,2024-07-02
3572,186.0,P098,S01,7,193.39,2024-11-09
3573,1207.0,P009,S01,2,2468.56,2026-04-06
3574,1183.0,P094,S01,9,3746.27,2024-12-08
3575,1111.0,P086,S04,6,3573.91,2026-05-30
3576,968.0,P076,S03,7,2360.74,2026-02-25
3577,1922.0,P050,S04,3,4649.42,2025-10-08
3578,1101.0,P030,S01,6,2637.97,2025-05-23
3579,926.0,P096,S03,6,382.49,2024-09-29
3580,1396.0,P087,S02,1,874.84,2026-06-01
3581,205.0,P061,S02,2,796.99,2025-03-17
3582,244.0,P055,S04,5,1348.64,2025-05-09
3583,1764.0,P061,S02,4,3681.13,2025-01-13
3584,1876.0,P084,S04,4,266.82,2026-02-12
3585,15.0,P099,S04,1,3807.65,2025-09-23
3586,478.0,P010,S02,10,1454.03,2026-03-19
3587,1792.0,P002,S04,9,3290.79,2026-05-07
3588,303.0,P023,S02,10,1804.88,2025-12-27
3589,1494.0,P067,S02,1,1626.36,2025-03-19
3590,1620.0,P031,S01,1,1699.01,2026-05-15
3591,13.0,P003,S03,7,3746.7,2025-10-20
3592,450.0,P100,S04,10,3213.55,2025-07-04
3593,395.0,P080,S05,2,4745.62,2024-09-05
3594,1362.0,P004,S05,9,4503.47,2025-01-12
3595,1695.0,P078,S01,4,650.19,2025-01-31
3596,372.0,P080,S05,6,2532.82,2025-05-11
3597,57.0,P035,S05,6,4940.6,2025-06-09
3598,1585.0,P006,S04,1,890.58,2025-11-12
3599,1036.0,P031,S03,6,3452.11,2025-02-01
3600,486.0,P060,S04,4,4975.39,2025-10-14
3601,1007.0,P008,S02,10,1360.98,2024-11-10
3602,1633.0,P039,S01,6,1508.79,2024-08-17
3603,893.0,P034,S04,9,3329.13,2024-11-09
3604,382.0,P076,S04,9,579.91,2025-06-06
3605,1721.0,P009,S02,2,3374.59,2025-04-24
3606,1323.0,P032,S01,4,2079.3,2026-01-11
3607,1131.0,P022,S03,7,2680.25,2025-05-25
3608,1308.0,P026,S01,10,3562.69,2026-03-13
3609,830.0,P061,S03,2,2191.85,2025-01-30
3610,880.0,P047,S01,4,820.31,2024-11-27
3611,1164.0,P028,S01,7,1979.17,2025-09-01
3612,1847.0,P018,S01,2,1100.68,2026-01-16
3613,1650.0,P006,S02,6,3864.69,2024-10-25
3614,1599.0,P057,S01,1,3629.16,2025-12-06
3615,1721.0,P069,S05,3,1086.09,2024-10-16
3616,608.0,P019,S03,8,1871.48,2025-05-30
3617,447.0,P011,S01,6,2866.21,2025-12-16
3618,1078.0,P018,S05,8,2976.25,2024-08-29
3619,660.0,P039,S03,9,1961.96,2025-12-01
3620,1171.0,P036,S02,1,987.68,2025-01-18
3621,159.0,P090,S02,1,3943.32,2025-09-26
3622,1051.0,P100,S01,7,1301.77,2026-01-15
3623,866.0,P009,S02,10,4063.35,2024-11-26
3624,36.0,P066,S01,5,3089.24,2025-06-28
3625,798.0,P053,S02,9,3913.96,2024-06-19
3626,1789.0,P096,S02,1,403.67,2025-06-22
3627,351.0,P054,S02,8,738.18,2024-11-18
3628,856.0,P088,S05,3,3762.5,2026-04-23
3629,1353.0,P020,S04,9,1604.76,2024-09-18
3630,1277.0,P087,S03,10,216.83,2025-10-16
3631,454.0,P081,S04,5,3388.41,2025-01-22
3632,1064.0,P050,S01,8,3099.71,2024-06-15
3633,961.0,P090,S02,5,913.15,2025-10-08
3634,217.0,P015,S01,10,196.76,2024-11-21
3635,1708.0,P088,S05,5,1803.16,2025-08-08
3636,965.0,P078,S04,10,3847.07,2025-11-13
3637,1975.0,P052,S05,3,512.92,2025-12-13
3638,1238.0,P093,S03,2,3439.97,2024-08-16
3639,723.0,P088,S05,4,1315.05,2024-07-04
3640,88.0,P077,S04,5,1571.4,2025-12-02
3641,109.0,P028,S03,6,2257.3,2026-06-01
3642,126.0,P072,S03,5,342.25,2026-01-22
3643,909.0,P024,S02,10,4199.04,2025-01-12
3644,506.0,P047,S02,1,4508.94,2024-07-17
3645,1419.0,P024,S03,6,4285.45,2024-12-26
3646,1378.0,P099,S03,1,4231.28,2024-12-04
3647,638.0,P099,S05,1,4959.72,2025-01-22
3648,1060.0,P029,S04,7,4236.77,2026-04-11
3649,238.0,P041,S04,5,3559.44,2025-04-17
3650,1212.0,P025,S01,10,772.76,2025-10-06
3651,1147.0,P004,S02,8,1139.37,2024-07-29
3652,1820.0,P016,S01,2,4582.48,2026-06-05
3653,1101.0,P036,S03,2,4358.26,2025-10-25
3654,1521.0,P081,S03,7,3096.36,2025-10-27
3655,1359.0,P096,S05,3,1139.5,2025-10-04
3656,182.0,P066,S01,3,4656.04,2024-12-08
3657,1357.0,P054,S02,7,1154.89,2025-11-07
3658,1270.0,P056,S03,1,3194.12,2026-01-15
3659,554.0,P010,S02,4,2578.33,2025-08-26
3660,1775.0,P051,S04,1,1235.06,2025-03-07
3661,48.0,P100,S03,10,330.27,2025-06-17
3662,1989.0,P024,S01,3,1462.17,2024-08-21
3663,591.0,P096,S02,1,1262.42,2024-07-22
3664,1730.0,P030,S04,3,3731.06,2024-10-22
3665,1103.0,P098,S01,3,873.43,2026-01-12
3666,432.0,P060,S03,5,3960.44,2024-12-24
3667,383.0,P035,S03,8,897.16,2026-04-21
3668,1351.0,P056,S04,9,922.74,2025-08-02
3669,1890.0,P088,S01,1,396.21,2026-01-08
3670,65.0,P046,S01,7,2795.49,2026-05-02
3671,1378.0,P092,S03,5,2652.88,2024-09-21
3672,1172.0,P056,S05,10,2712.76,2025-03-13
3673,312.0,P016,S05,6,3588.15,2025-03-15
3674,1452.0,P049,S03,2,4344.06,2024-06-17
3675,1501.0,P080,S03,1,2408.72,2024-06-11
3676,409.0,P059,S02,4,270.14,2026-05-20
3677,966.0,P003,S03,3,354.34,2025-12-17
3678,201.0,P094,S01,4,512.59,2024-10-29
3679,544.0,P027,S02,6,2553.97,2024-07-10
3680,480.0,P065,S01,4,2143.14,2025-09-22
3681,661.0,P043,S01,4,1910.42,2025-06-07
3682,1877.0,P014,S05,5,1331.65,2026-01-12
3683,1197.0,P043,S04,6,4690.88,2026-01-21
3684,73.0,P068,S02,7,757.31,2026-02-07
3685,614.0,P057,S05,2,1946.03,2025-03-16
3686,238.0,P043,S03,5,2139.06,2026-01-04
3687,98.0,P097,S03,8,2931.86,2026-02-24
3688,189.0,P082,S04,9,968.51,2025-12-06
3689,370.0,P016,S05,2,4079.28,2024-07-23
3690,1253.0,P069,S05,10,2572.19,2025-04-14
3691,1155.0,P081,S05,7,2063.75,2024-08-26
3692,1397.0,P020,S01,7,209.82,2024-08-27
3693,205.0,P088,S04,10,924.56,2026-03-04
3694,1782.0,P027,S02,4,4147.19,2024-08-07
3695,1224.0,P016,S01,7,1986.26,2025-02-27
3696,36.0,P062,S04,1,173.48,2025-07-05
3697,1537.0,P068,S01,10,4993.75,2025-07-04
3698,1399.0,P067,S05,2,2956.45,2025-08-20
3699,103.0,P094,S01,2,2879.07,2025-04-11
3700,168.0,P084,S04,8,2678.2,2026-04-03
3701,1795.0,P076,S03,5,1794.64,2025-12-06
3702,1285.0,P092,S01,10,4802.48,2025-06-22
3703,1477.0,P094,S05,7,4633.92,2026-04-03
3704,1320.0,P015,S04,1,311.01,2024-12-22
3705,1840.0,P073,S05,2,3051.52,2025-06-10
3706,1653.0,P079,S01,5,372.64,2025-04-11
3707,475.0,P083,S04,5,3465.47,2024-11-08
3708,599.0,P013,S03,5,3140.97,2025-12-18
3709,1047.0,P098,S05,10,2695.52,2024-09-20
3710,1447.0,P042,S03,4,1071.75,2025-03-31
3711,224.0,P065,S04,10,3230.18,2025-06-04
3712,661.0,P060,S03,5,4251.55,2026-05-05
3713,574.0,P009,S03,4,272.76,2025-12-22
3714,365.0,P021,S02,2,3671.04,2026-03-21
3715,1057.0,P012,S03,10,3586.57,2024-10-19
3716,1640.0,P078,S03,1,2012.66,2024-12-19
3717,1165.0,P021,S04,6,3143.85,2026-04-08
3718,42.0,P054,S03,7,1181.63,2025-12-06
3719,1897.0,P081,S04,4,4037.31,2025-04-10
3720,1848.0,P093,S03,9,3525.79,2026-05-25
3721,1259.0,P029,S02,9,1993.59,2024-06-14
3722,639.0,P072,S03,7,1537.21,2025-11-19
3723,251.0,P032,S01,7,1747.12,2025-12-30
3724,628.0,P081,S04,8,3529.43,2025-08-17
3725,244.0,P020,S03,3,4859.47,2025-12-01
3726,246.0,P039,S04,7,2869.7,2025-08-13
3727,1172.0,P037,S05,8,2168.32,2025-05-09
3728,1072.0,P071,S04,5,4242.07,2025-05-02
3729,132.0,P097,S02,8,2149.43,2025-03-08
3730,1456.0,P015,S01,7,3446.59,2025-06-06
3731,1335.0,P091,S01,5,1951.24,2025-08-21
3732,698.0,P004,S02,9,583.11,2025-03-28
3733,1287.0,P044,S03,2,217.57,2025-04-27
3734,1037.0,P018,S02,5,3851.94,2025-08-18
3735,1276.0,P071,S04,5,3896.1,2025-07-13
3736,713.0,P042,S05,8,4487.03,2025-03-04
3737,472.0,P034,S04,2,3851.33,2024-11-22
3738,159.0,P033,S05,2,679.05,2025-08-21
3739,433.0,P082,S05,2,656.37,2025-06-06
3740,930.0,P006,S01,2,2762.2,2025-05-14
3741,474.0,P052,S04,3,1594.56,2025-10-04
3742,201.0,P024,S03,9,1671.06,2025-11-04
3743,1185.0,P056,S01,8,837.99,2025-02-22
3744,1317.0,P042,S02,5,2537.73,2026-01-19
3745,1839.0,P089,S02,5,4882.81,2025-07-12
3746,622.0,P084,S03,4,226.77,2025-06-07
3747,542.0,P023,S04,9,883.84,2024-07-23
3748,1114.0,P082,S05,5,1530.97,2024-08-07
3749,742.0,P008,S02,7,2924.36,2025-01-25
3750,1538.0,P086,S04,10,298.81,2025-04-16
3751,1522.0,P026,S02,9,1107.48,2025-02-02
3752,898.0,P011,S04,9,2680.63,2025-08-26
3753,212.0,P051,S02,10,273.62,2024-10-13
3754,47.0,P023,S03,8,468.73,2026-05-21
3755,399.0,P010,S04,7,231.3,2026-01-04
3756,718.0,P033,S04,9,1492.56,2026-02-06
3757,1650.0,P001,S04,10,1769.55,2026-05-19
3758,1969.0,P084,S03,7,2677.79,2025-03-30
3759,775.0,P053,S05,6,1763.15,2026-03-02
3760,957.0,P021,S01,1,2064.79,2026-01-30
3761,491.0,P028,S01,3,2728.42,2024-12-23
3762,147.0,P068,S01,8,2776.52,2025-07-31
3763,1211.0,P019,S02,7,4580.15,2026-02-22
3764,356.0,P099,S04,6,2945.3,2025-07-05
3765,1707.0,P033,S04,1,3086.05,2024-11-18
3766,489.0,P061,S01,10,2116.17,2024-11-24
3767,1645.0,P031,S04,6,4374.52,2026-03-14
3768,891.0,P098,S03,10,2155.74,2025-11-26
3769,925.0,P039,S04,7,2791.6,2026-04-21
3770,945.0,P079,S03,8,3960.39,2024-10-27
3771,726.0,P091,S03,6,3679.8,2025-03-21
3772,941.0,P029,S04,2,3086.16,2024-12-13
3773,1714.0,P044,S01,6,4426.14,2025-06-21
3774,314.0,P058,S02,1,4570.88,2025-09-01
3775,858.0,P065,S02,1,3121.2,2026-03-04
3776,716.0,P010,S02,4,3305.66,2025-08-12
3777,1239.0,P095,S04,6,3996.37,2025-01-11
3778,512.0,P008,S03,7,392.24,2026-03-11
3779,777.0,P002,S01,7,755.12,2024-12-25
3780,488.0,P001,S04,6,2227.74,2025-02-21
3781,1557.0,P077,S01,6,792.97,2026-04-06
3782,1501.0,P040,S01,6,4765.98,2026-05-24
3783,1768.0,P043,S02,5,4235.44,2026-01-11
3784,401.0,P019,S04,6,4305.54,2026-01-20
3785,232.0,P055,S03,7,1032.25,2025-09-01
3786,1611.0,P058,S03,8,3474.47,2026-03-15
3787,1737.0,P063,S04,10,3993.22,2025-05-05
3788,1136.0,P055,S05,2,2590.37,2025-01-29
3789,214.0,P083,S02,6,4016.08,2026-01-16
3790,1007.0,P076,S01,5,4199.23,2024-11-07
3791,1285.0,P011,S04,10,1156.88,2024-08-01
3792,1622.0,P097,S02,2,3674.6,2025-04-23
3793,599.0,P062,S05,4,814.61,2026-03-05
3794,850.0,P041,S05,7,3334.51,2024-09-22
3795,860.0,P073,S05,6,822.52,2025-03-01
3796,244.0,P065,S02,3,1519.17,2025-04-28
3797,470.0,P083,S04,1,3359.15,2025-05-04
3798,216.0,P063,S03,3,3312.49,2026-02-21
3799,804.0,P038,S05,10,2140.03,2024-08-28
3800,857.0,P045,S03,7,3180.27,2025-06-16
3801,1091.0,P088,S02,2,2584.84,2024-11-08
3802,1413.0,P030,S01,6,2333.17,2025-06-24
3803,1238.0,P045,S02,6,916.27,2025-03-25
3804,1732.0,P093,S03,7,4972.74,2025-05-22
3805,417.0,P044,S03,1,3064.23,2025-06-23
3806,291.0,P080,S05,10,2469.39,2024-09-30
3807,653.0,P063,S01,7,4035.57,2025-01-18
3808,38.0,P026,S03,4,294.01,2025-09-29
3809,373.0,P017,S02,2,3194.97,2025-03-30
3810,1187.0,P086,S03,1,3494.36,2025-09-11
3811,1298.0,P001,S02,1,3204.61,2025-07-15
3812,1137.0,P032,S04,4,1240.71,2025-01-30
3813,833.0,P054,S02,1,2748.94,2026-03-04
3814,1843.0,P001,S03,10,2128.66,2025-11-15
3815,552.0,P018,S02,7,1720.96,2026-02-17
3816,1488.0,P059,S04,3,3665.99,2024-11-24
3817,1458.0,P085,S05,2,2921.11,2025-01-29
3818,736.0,P031,S02,3,2391.35,2026-03-12
3819,1923.0,P004,S02,4,571.98,2026-05-22
3820,47.0,P055,S01,9,3561.73,2024-10-22
3821,153.0,P036,S02,7,4331.64,2025-03-08
3822,410.0,P056,S03,7,247.4,2025-07-25
3823,1585.0,P060,S02,1,4429.37,2026-02-19
3824,1392.0,P029,S03,7,3044.18,2025-06-26
3825,1503.0,P083,S03,6,311.21,2026-02-24
3826,1973.0,P007,S03,1,3707.46,2024-09-21
3827,736.0,P064,S05,4,2469.85,2024-08-19
3828,821.0,P065,S04,8,152.74,2025-11-07
3829,175.0,P030,S04,9,996.48,2025-06-13
3830,436.0,P027,S04,1,4034.65,2025-03-19
3831,409.0,P084,S04,8,2034.77,2025-02-27
3832,1219.0,P010,S05,9,787.72,2025-02-05
3833,1662.0,P049,S03,2,2971.68,2025-01-01
3834,1621.0,P095,S03,8,1452.18,2025-02-08
3835,842.0,P048,S05,3,2523.14,2025-07-18
3836,1028.0,P023,S05,2,1176.1,2026-01-12
3837,1568.0,P029,S03,5,1697.43,2026-02-25
3838,1249.0,P052,S01,3,4633.83,2024-07-17
3839,986.0,P098,S04,3,1862.95,2025-04-16
3840,346.0,P039,S01,4,2873.14,2024-09-14
3841,20.0,P057,S04,5,1993.58,2026-05-22
3842,1258.0,P062,S02,9,3398.78,2025-01-14
3843,1211.0,P017,S04,6,3930.41,2026-04-19
3844,467.0,P028,S01,1,4582.04,2025-02-04
3845,628.0,P073,S02,7,3817.46,2026-02-09
3846,980.0,P047,S02,9,309.2,2025-10-06
3847,432.0,P015,S02,10,391.92,2026-05-24
3848,1878.0,P096,S02,5,3837.42,2025-02-11
3849,206.0,P088,S02,6,1096.01,2025-08-04
3850,1804.0,P025,S03,8,649.11,2024-11-07
3851,592.0,P040,S03,9,4052.26,2025-05-24
3852,561.0,P020,S04,3,3643.65,2026-04-14
3853,1958.0,P019,S04,2,2739.85,2024-06-14
3854,412.0,P091,S04,9,3698.05,2025-05-01
3855,1901.0,P004,S01,1,3215.65,2024-12-22
3856,1487.0,P095,S02,7,4279.61,2024-07-14
3857,550.0,P053,S05,1,456.65,2026-05-18
3858,157.0,P061,S02,4,4698.6,2024-07-11
3859,1142.0,P017,S01,1,1635.08,2026-05-18
3860,1000.0,P078,S02,5,1455.72,2024-10-27
3861,933.0,P046,S02,5,1121.82,2026-02-02
3862,394.0,P079,S02,7,2529.43,2026-02-13
3863,1277.0,P036,S02,7,1227.16,2026-01-04
3864,109.0,P086,S04,4,2288.91,2025-07-25
3865,1344.0,P078,S03,1,4060.96,2026-05-30
3866,1940.0,P067,S03,4,1396.03,2024-07-14
3867,1633.0,P100,S03,10,4752.16,2025-11-05
3868,1175.0,P040,S01,2,3639.82,2024-10-28
3869,229.0,P065,S02,10,1209.92,2025-07-10
3870,151.0,P041,S04,5,3266.3,2024-07-29
3871,842.0,P093,S05,6,4683.56,2025-11-13
3872,969.0,P094,S01,10,4286.23,2025-08-21
3873,789.0,P093,S05,7,1772.89,2026-02-22
3874,731.0,P043,S01,6,185.25,2025-12-23
3875,938.0,P079,S03,4,318.03,2025-12-26
3876,375.0,P080,S05,8,3010.61,2026-04-03
3877,428.0,P017,S05,9,2333.71,2024-12-15
3878,1934.0,P035,S03,1,2903.68,2026-01-24
3879,1334.0,P010,S05,4,333.09,2025-11-15
3880,603.0,P092,S04,1,3144.74,2024-08-15
3881,1230.0,P018,S01,5,1534.35,2024-06-09
3882,1448.0,P082,S02,5,1329.08,2025-03-21
3883,848.0,P052,S01,10,1341.21,2024-10-29
3884,563.0,P086,S05,7,3117.66,2026-03-04
3885,48.0,P007,S03,9,1032.03,2024-10-25
3886,832.0,P015,S04,3,310.32,2025-01-06
3887,294.0,P060,S04,10,3080.57,2026-01-21
3888,409.0,P060,S02,8,355.41,2025-09-06
3889,1089.0,P045,S03,10,1120.05,2024-09-17
3890,1781.0,P030,S04,8,3815.73,2025-07-14
3891,991.0,P055,S02,4,2125.68,2025-07-03
3892,882.0,P069,S03,4,1262.77,2026-02-18
3893,36.0,P087,S02,7,4120.1,2025-02-27
3894,1923.0,P090,S02,9,4668.12,2025-01-07
3895,1906.0,P058,S02,5,2240.56,2025-07-09
3896,1204.0,P065,S04,4,1617.34,2025-02-26
3897,1212.0,P004,S03,3,2688.06,2025-11-02
3898,1951.0,P077,S04,7,3187.33,2025-02-17
3899,1274.0,P093,S02,7,2338.22,2025-12-05
3900,1751.0,P066,S01,1,2637.37,2024-07-13
3901,1875.0,P058,S05,1,1102.39,2024-07-22
3902,80.0,P034,S04,1,3871.47,2024-09-11
3903,1323.0,P099,S04,8,4160.94,2026-04-29
3904,74.0,P010,S04,1,4578.44,2025-09-17
3905,1985.0,P045,S01,3,2238.25,2025-06-28
3906,1941.0,P003,S04,9,3036.44,2024-10-16
3907,818.0,P062,S03,3,1365.76,2025-05-03
3908,1626.0,P015,S05,4,767.6,2026-01-21
3909,744.0,P060,S01,9,3820.7,2025-03-10
3910,3.0,P086,S01,7,2401.74,2025-05-25
3911,1412.0,P077,S01,1,130.78,2025-06-27
3912,1456.0,P001,S02,3,3933.1,2026-02-22
3913,1176.0,P019,S02,10,2436.56,2026-01-10
3914,489.0,P051,S02,6,4914.48,2025-05-25
3915,1812.0,P070,S04,8,3125.04,2025-01-30
3916,1236.0,P059,S01,2,1948.1,2024-08-26
3917,1302.0,P079,S05,3,2193.28,2025-11-18
3918,1525.0,P020,S02,4,3353.53,2026-05-29
3919,1657.0,P023,S03,8,2077.31,2025-07-21
3920,1288.0,P013,S04,4,4301.97,2024-07-06
3921,67.0,P023,S04,2,422.33,2024-09-19
3922,1072.0,P080,S05,5,4820.48,2025-02-22
3923,1924.0,P063,S01,8,4712.66,2024-06-12
3924,1071.0,P047,S04,1,1882.8,2024-11-16
3925,721.0,P025,S03,1,4756.86,2024-12-07
3926,1115.0,P075,S03,7,3711.8,2025-03-14
3927,1981.0,P052,S03,2,2610.2,2024-12-22
3928,63.0,P084,S01,8,1009.83,2026-05-25
3929,1946.0,P072,S03,1,116.52,2025-02-22
3930,1081.0,P026,S04,10,1644.62,2025-11-13
3931,1346.0,P099,S05,9,4060.76,2024-11-12
3932,1557.0,P009,S01,2,2469.6,2025-05-19
3933,987.0,P004,S02,7,4524.55,2025-01-24
3934,1753.0,P069,S02,5,114.18,2025-12-20
3935,798.0,P005,S03,6,1210.66,2024-07-16
3936,1801.0,P090,S03,5,3197.18,2026-02-10
3937,1559.0,P055,S02,3,1979.23,2024-08-06
3938,1735.0,P007,S03,1,1650.27,2025-03-06
3939,1330.0,P069,S01,9,3283.26,2025-06-25
3940,1342.0,P055,S02,3,1133.3,2025-09-21
3941,1708.0,P037,S03,6,1553.33,2025-12-31
3942,716.0,P060,S01,8,2830.1,2025-09-10
3943,529.0,P013,S04,10,652.26,2026-06-04
3944,1708.0,P021,S02,5,1748.39,2025-02-25
3945,550.0,P097,S01,9,1958.97,2026-03-15
3946,1544.0,P088,S04,4,3328.7,2025-01-19
3947,281.0,P043,S03,4,2522.01,2025-07-08
3948,125.0,P068,S01,5,4105.87,2026-05-30
3949,1812.0,P003,S03,5,4911.82,2026-02-03
3950,959.0,P077,S05,3,1298.2,2025-04-02
3951,425.0,P076,S02,1,4928.87,2025-10-18
3952,1587.0,P008,S03,8,1080.42,2026-02-19
3953,1657.0,P017,S02,8,1275.21,2025-09-06
3954,1103.0,P005,S01,3,3374.72,2026-04-20
3955,1945.0,P078,S03,9,3695.48,2026-02-01
3956,1037.0,P065,S02,3,3412.54,2025-06-14
3957,327.0,P050,S01,3,1838.47,2026-05-21
3958,1551.0,P072,S03,1,147.6,2025-10-20
3959,23.0,P019,S05,2,482.54,2026-01-05
3960,1647.0,P061,S01,3,3810.92,2024-11-12
3961,990.0,P095,S02,9,1330.21,2025-01-20
3962,1029.0,P033,S05,10,2587.27,2026-04-27
3963,1772.0,P019,S02,3,4676.46,2025-05-27
3964,343.0,P069,S01,8,3091.68,2025-02-01
3965,493.0,P052,S01,5,2420.78,2024-07-29
3966,1995.0,P074,S02,10,4026.19,2025-07-26
3967,1545.0,P059,S02,1,2520.63,2025-05-12
3968,1618.0,P074,S03,2,2685.02,2024-12-10
3969,1620.0,P084,S03,2,3469.0,2025-01-18
3970,735.0,P004,S04,8,2507.55,2024-10-22
3971,776.0,P023,S01,8,1654.32,2026-05-18
3972,1893.0,P025,S04,3,4459.51,2025-06-24
3973,25.0,P032,S05,4,1465.59,2024-11-09
3974,278.0,P087,S04,6,4648.56,2025-12-09
3975,1521.0,P024,S05,6,458.17,2025-11-08
3976,1893.0,P097,S01,7,2185.42,2025-08-18
3977,241.0,P091,S01,8,635.34,2025-06-04
3978,12.0,P078,S05,6,598.53,2024-12-11
3979,952.0,P053,S01,3,2520.02,2025-12-31
3980,455.0,P033,S05,7,2335.86,2025-02-22
3981,60.0,P085,S03,8,3454.77,2026-05-13
3982,731.0,P100,S05,7,1715.01,2026-03-08
3983,755.0,P017,S05,4,2218.97,2025-09-19
3984,1983.0,P020,S01,5,3965.19,2026-05-20
3985,1158.0,P009,S04,7,402.69,2026-05-22
3986,1917.0,P071,S05,5,1725.61,2025-09-08
3987,107.0,P001,S01,6,3045.36,2026-06-01
3988,1168.0,P060,S03,10,399.2,2026-04-19
3989,811.0,P090,S01,1,905.41,2025-07-21
3990,680.0,P060,S04,10,4147.49,2026-01-04
3991,769.0,P004,S03,6,2674.41,2024-10-04
3992,1981.0,P038,S04,10,2812.59,2026-05-13
3993,1968.0,P019,S05,9,2008.19,2024-08-13
3994,1792.0,P020,S03,2,1457.98,2026-01-03
3995,403.0,P033,S03,6,597.89,2026-05-28
3996,1645.0,P079,S05,5,3970.01,2025-10-01
3997,1899.0,P079,S03,1,768.89,2026-03-20
3998,80.0,P009,S01,3,1122.15,2024-07-13
3999,943.0,P087,S03,4,4615.62,2025-08-16
4000,1220.0,P028,S04,7,3578.11,2026-05-24
4001,1159.0,P093,S01,1,582.86,2025-02-05
4002,594.0,P059,S04,4,2260.9,2025-02-08
4003,547.0,P039,S02,10,3792.37,2024-12-20
4004,1829.0,P054,S02,2,3643.82,2026-01-04
4005,1112.0,P021,S02,7,603.36,2025-12-07
4006,286.0,P018,S02,1,1579.07,2025-06-16
4007,1987.0,P047,S04,7,3269.37,2025-08-21
4008,1652.0,P099,S03,2,958.56,2024-06-09
4009,1537.0,P078,S02,5,3721.41,2024-12-22
4010,956.0,P080,S04,2,2734.0,2024-11-04
4011,1571.0,P048,S04,9,2632.38,2026-01-19
4012,128.0,P007,S01,5,4783.45,2025-08-24
4013,579.0,P007,S04,7,3148.11,2025-08-28
4014,1685.0,P066,S05,10,1728.43,2024-07-16
4015,466.0,P011,S02,1,1931.08,2024-12-18
4016,1290.0,P099,S03,9,1629.64,2024-07-22
4017,506.0,P047,S01,3,3256.88,2025-12-09
4018,1171.0,P084,S03,4,3557.35,2024-12-27
4019,306.0,P044,S01,10,3725.27,2024-09-15
4020,1860.0,P095,S01,10,1637.62,2025-12-07
4021,862.0,P051,S03,6,4072.61,2026-05-07
4022,632.0,P035,S01,5,3533.32,2024-11-14
4023,87.0,P054,S04,2,3472.15,2025-01-01
4024,231.0,P092,S01,6,2235.91,2025-12-09
4025,555.0,P014,S02,1,2305.91,2024-10-29
4026,1765.0,P013,S01,5,1627.8,2025-04-23
4027,155.0,P062,S02,8,1614.28,2024-07-25
4028,1937.0,P092,S05,3,574.51,2024-07-13
4029,369.0,P027,S05,6,4139.75,2024-09-11
4030,179.0,P056,S01,6,2720.69,2026-04-25
4031,140.0,P020,S03,7,2174.51,2025-12-30
4032,381.0,P082,S02,1,773.81,2025-11-03
4033,426.0,P071,S01,2,1749.89,2025-07-06
4034,714.0,P047,S02,3,2860.15,2025-08-11
4035,1394.0,P084,S03,9,4905.55,2025-06-27
4036,1734.0,P007,S03,4,1504.54,2025-01-27
4037,640.0,P070,S05,6,3776.9,2024-12-18
4038,1309.0,P042,S05,8,1802.4,2026-05-22
4039,1430.0,P034,S01,10,4556.77,2025-09-06
4040,283.0,P049,S03,10,4026.9,2025-12-03
4041,794.0,P071,S03,6,4611.41,2026-03-20
4042,1944.0,P034,S01,7,1887.3,2024-10-30
4043,458.0,P060,S05,9,2775.42,2026-03-15
4044,1362.0,P038,S02,7,1311.64,2024-08-20
4045,1469.0,P089,S05,3,2357.26,2024-09-04
4046,114.0,P036,S01,10,2497.04,2025-03-24
4047,1164.0,P099,S04,7,1247.87,2026-03-11
4048,356.0,P035,S01,6,2494.73,2025-02-10
4049,1480.0,P025,S03,9,4506.68,2025-06-27
4050,24.0,P039,S05,10,2879.33,2025-07-08
4051,1406.0,P081,S03,8,2049.32,2025-07-11
4052,172.0,P020,S03,9,2453.2,2025-07-03
4053,1425.0,P031,S02,1,4627.82,2025-12-01
4054,859.0,P010,S01,6,1009.21,2025-05-08
4055,1860.0,P042,S03,9,1207.44,2024-06-15
4056,94.0,P068,S02,8,3740.75,2026-05-30
4057,1298.0,P052,S03,1,2109.51,2025-09-18
4058,1065.0,P049,S01,7,3815.69,2024-08-01
4059,633.0,P057,S02,6,3010.26,2026-04-30
4060,1665.0,P028,S02,1,2064.46,2025-10-23
4061,1574.0,P086,S01,4,2776.11,2026-04-15
4062,943.0,P082,S03,8,940.94,2024-10-16
4063,313.0,P085,S03,6,4097.08,2025-07-15
4064,1327.0,P078,S05,10,2481.76,2026-03-15
4065,673.0,P085,S01,10,4787.03,2026-04-19
4066,48.0,P011,S04,8,1724.86,2025-01-11
4067,1766.0,P032,S03,4,1890.69,2025-04-19
4068,1102.0,P024,S02,8,1463.47,2025-02-04
4069,2.0,P011,S04,9,4710.71,2026-03-01
4070,360.0,P034,S01,4,3242.6,2025-11-22
4071,465.0,P060,S02,6,3522.37,2025-07-03
4072,419.0,P043,S04,9,4342.79,2025-06-13
4073,1334.0,P100,S03,3,4261.27,2026-05-17
4074,994.0,P032,S02,9,3549.04,2024-10-04
4075,1630.0,P038,S05,6,3355.88,2026-04-24
4076,1311.0,P040,S02,1,579.77,2024-12-17
4077,931.0,P030,S05,10,4108.77,2024-06-20
4078,663.0,P084,S05,8,1532.47,2024-10-08
4079,774.0,P043,S03,5,2311.4,2024-11-17
4080,407.0,P087,S03,7,3890.75,2026-03-17
4081,1576.0,P075,S01,6,3009.28,2025-10-06
4082,884.0,P068,S02,7,2896.68,2025-01-08
4083,1686.0,P025,S04,7,2587.14,2026-03-13
4084,1824.0,P078,S03,5,3234.09,2024-08-14
4085,1897.0,P061,S05,8,2630.19,2025-08-29
4086,628.0,P078,S01,2,2890.39,2025-03-24
4087,538.0,P032,S02,3,1425.37,2025-08-16
4088,40.0,P082,S02,1,1288.63,2026-03-31
4089,1668.0,P022,S04,8,3444.7,2025-12-08
4090,346.0,P010,S01,8,3551.13,2024-09-09
4091,74.0,P071,S02,8,1515.31,2025-06-27
4092,865.0,P017,S05,5,2498.01,2025-10-19
4093,1170.0,P077,S02,8,1000.59,2025-07-15
4094,434.0,P049,S04,1,4637.98,2024-06-18
4095,253.0,P094,S02,9,2180.37,2024-07-29
4096,1159.0,P007,S02,4,1179.11,2025-04-24
4097,674.0,P062,S05,9,1316.55,2025-05-07
4098,1585.0,P092,S04,2,1791.92,2025-09-12
4099,1009.0,P043,S04,4,4751.61,2025-06-06
4100,1166.0,P040,S05,2,1577.56,2024-07-27
4101,734.0,P067,S04,2,2288.4,2025-11-22
4102,1636.0,P086,S03,2,4346.4,2024-11-27
4103,500.0,P068,S04,1,1523.2,2024-06-17
4104,555.0,P068,S02,3,1592.86,2026-02-17
4105,567.0,P055,S02,4,662.87,2025-10-05
4106,427.0,P005,S04,10,1995.15,2026-01-30
4107,1457.0,P030,S04,4,2462.81,2025-01-20
4108,69.0,P019,S03,7,3641.66,2024-06-15
4109,1178.0,P087,S03,3,841.95,2025-05-20
4110,3.0,P042,S02,8,2681.81,2025-08-14
4111,147.0,P063,S05,10,3932.83,2025-02-12
4112,1053.0,P008,S01,6,1717.49,2024-08-31
4113,1502.0,P042,S05,5,3806.37,2025-01-11
4114,1725.0,P068,S02,10,3979.23,2026-03-01
4115,1950.0,P056,S01,8,3636.84,2025-02-04
4116,1671.0,P100,S04,10,2708.65,2025-03-14
4117,864.0,P099,S04,5,2529.82,2025-06-30
4118,1985.0,P075,S03,1,1742.5,2024-09-09
4119,639.0,P077,S01,3,3254.24,2026-04-25
4120,385.0,P042,S05,6,2748.9,2024-08-21
4121,1211.0,P058,S04,7,2533.83,2025-11-01
4122,508.0,P045,S03,2,3703.76,2025-03-26
4123,1939.0,P055,S01,4,1763.42,2025-07-11
4124,1027.0,P048,S01,1,2278.12,2025-05-26
4125,1615.0,P054,S04,8,2227.86,2026-01-07
4126,372.0,P045,S02,8,953.02,2026-06-07
4127,794.0,P002,S05,4,4792.99,2026-02-20
4128,705.0,P053,S04,5,4025.28,2025-07-03
4129,624.0,P057,S04,7,675.23,2024-11-09
4130,1810.0,P006,S05,4,3006.22,2024-08-07
4131,1801.0,P047,S05,10,2525.59,2024-12-30
4132,1392.0,P085,S01,7,1585.48,2026-05-01
4133,539.0,P031,S04,7,3869.65,2025-09-22
4134,1695.0,P095,S02,8,3628.63,2025-11-06
4135,1883.0,P092,S05,2,4560.49,2024-07-31
4136,1458.0,P092,S01,10,2557.16,2024-11-07
4137,1652.0,P092,S02,7,1584.11,2024-08-18
4138,389.0,P009,S02,2,3534.58,2025-08-01
4139,178.0,P049,S02,5,301.57,2025-07-12
4140,1489.0,P045,S02,9,960.95,2025-04-06
4141,451.0,P006,S01,1,4328.69,2025-03-27
4142,352.0,P093,S01,1,4000.31,2025-02-21
4143,879.0,P096,S03,1,3023.09,2026-02-13
4144,98.0,P098,S05,6,1846.01,2025-12-11
4145,368.0,P062,S04,2,1788.57,2025-04-11
4146,953.0,P098,S05,10,1520.05,2025-03-08
4147,1061.0,P084,S02,5,3753.98,2025-06-18
4148,737.0,P065,S02,1,1943.22,2026-01-28
4149,1104.0,P028,S03,3,4711.78,2024-11-22
4150,1293.0,P052,S03,9,4667.47,2024-09-06
4151,151.0,P027,S03,3,386.81,2026-01-31
4152,1106.0,P030,S03,3,2575.34,2025-11-04
4153,1217.0,P038,S02,6,3715.69,2025-08-28
4154,956.0,P082,S02,7,4050.39,2026-02-02
4155,719.0,P017,S04,6,4153.36,2025-01-11
4156,463.0,P062,S05,10,2898.57,2024-10-06
4157,567.0,P009,S03,9,2587.43,2025-07-02
4158,718.0,P046,S01,1,2199.88,2024-06-24
4159,532.0,P067,S05,10,4265.4,2024-10-12
4160,1617.0,P057,S02,8,4529.97,2025-09-16
4161,637.0,P086,S05,7,4734.96,2026-05-08
4162,1977.0,P027,S04,3,3888.67,2025-07-23
4163,1033.0,P069,S01,6,2072.33,2025-02-05
4164,1918.0,P073,S05,4,2678.27,2025-09-18
4165,703.0,P052,S01,6,4150.42,2025-07-16
4166,1238.0,P091,S02,8,1027.81,2025-11-16
4167,1823.0,P096,S01,10,270.36,2024-06-14
4168,115.0,P063,S04,2,4506.66,2025-10-22
4169,599.0,P063,S02,5,450.8,2025-05-18
4170,567.0,P055,S01,4,4900.04,2024-08-20
4171,247.0,P100,S01,7,712.62,2025-07-26
4172,751.0,P002,S04,8,2142.26,2024-07-13
4173,1683.0,P038,S04,5,3589.86,2024-07-23
4174,1945.0,P077,S01,7,1242.39,2025-12-24
4175,1235.0,P006,S02,5,2371.67,2026-05-19
4176,653.0,P058,S04,2,1587.27,2025-11-08
4177,9.0,P061,S01,10,1154.54,2025-03-03
4178,700.0,P097,S02,7,1714.7,2026-03-01
4179,473.0,P007,S05,4,607.28,2026-06-06
4180,1572.0,P083,S01,6,2086.96,2025-10-28
4181,217.0,P023,S01,9,2485.96,2026-05-17
4182,626.0,P057,S04,6,2661.79,2025-04-22
4183,1390.0,P014,S01,3,4008.91,2026-04-02
4184,722.0,P037,S03,3,1477.68,2025-12-06
4185,79.0,P038,S04,2,2381.18,2026-04-04
4186,1672.0,P042,S01,4,2738.36,2024-09-22
4187,105.0,P090,S04,4,304.13,2025-10-21
4188,846.0,P021,S01,5,396.36,2025-03-19
4189,1334.0,P050,S02,9,2240.9,2024-12-09
4190,1499.0,P066,S02,2,519.18,2024-10-24
4191,1181.0,P080,S03,1,2907.63,2026-03-17
4192,1994.0,P082,S02,9,2426.63,2025-01-24
4193,473.0,P087,S03,2,439.51,2024-11-07
4194,885.0,P074,S02,8,1915.27,2025-12-16
4195,1206.0,P024,S04,8,3919.65,2026-04-24
4196,784.0,P014,S04,6,3177.23,2025-12-24
4197,1963.0,P072,S01,2,4996.59,2025-05-23
4198,470.0,P009,S01,9,2096.19,2026-05-18
4199,1264.0,P026,S01,2,1899.23,2025-10-02
4200,295.0,P088,S04,3,2721.16,2024-08-03
4201,449.0,P039,S05,9,2820.04,2026-06-02
4202,771.0,P010,S01,2,1870.15,2025-08-30
4203,9.0,P024,S04,9,3715.03,2025-11-01
4204,762.0,P087,S01,10,2039.43,2024-09-20
4205,1173.0,P088,S05,6,3378.12,2024-08-16
4206,205.0,P092,S02,9,941.53,2025-10-06
4207,1379.0,P043,S03,6,1632.88,2026-02-22
4208,261.0,P081,S03,9,1855.4,2025-10-28
4209,1520.0,P008,S02,5,2097.69,2026-04-25
4210,1480.0,P093,S02,4,413.57,2024-08-09
4211,647.0,P051,S02,2,2002.41,2026-03-17
4212,1118.0,P038,S04,2,141.66,2024-11-05
4213,1398.0,P007,S05,3,1838.22,2025-01-24
4214,1486.0,P091,S04,5,3182.05,2025-06-07
4215,1816.0,P092,S03,8,3770.0,2024-09-13
4216,1402.0,P066,S01,10,2825.73,2025-10-06
4217,1747.0,P090,S05,7,4112.17,2025-03-09
4218,856.0,P100,S05,9,543.5,2025-09-12
4219,367.0,P062,S03,4,2144.51,2024-07-31
4220,293.0,P012,S05,4,1011.87,2024-12-29
4221,653.0,P012,S03,2,802.32,2025-09-01
4222,1939.0,P062,S03,10,722.49,2025-01-14
4223,527.0,P074,S03,3,3717.03,2026-01-02
4224,1452.0,P022,S01,4,4117.04,2025-11-14
4225,696.0,P006,S03,7,4280.44,2024-10-03
4226,1897.0,P041,S01,9,1921.25,2024-07-22
4227,1695.0,P041,S04,2,1210.76,2024-09-13
4228,1411.0,P033,S05,6,3498.42,2024-08-25
4229,651.0,P022,S01,8,1768.58,2024-07-17
4230,1014.0,P097,S04,6,716.19,2024-10-13
4231,477.0,P100,S02,10,4725.99,2024-08-11
4232,1105.0,P018,S04,5,2858.07,2026-04-10
4233,694.0,P069,S01,4,2017.93,2025-06-20
4234,472.0,P002,S05,7,4724.2,2025-09-30
4235,1122.0,P047,S04,6,4580.71,2024-10-30
4236,128.0,P084,S03,10,3571.79,2024-10-16
4237,1987.0,P041,S01,1,1522.4,2025-12-25
4238,485.0,P096,S04,1,1706.79,2025-12-10
4239,1099.0,P038,S01,9,4631.37,2026-01-02
4240,679.0,P020,S03,3,2451.77,2025-01-27
4241,378.0,P048,S05,8,1039.64,2026-02-20
4242,1781.0,P055,S02,2,437.43,2026-01-17
4243,742.0,P076,S03,6,3723.03,2026-04-20
4244,1098.0,P092,S04,7,1413.66,2025-02-07
4245,1738.0,P013,S03,4,437.54,2025-03-17
4246,561.0,P064,S02,2,4939.04,2026-04-04
4247,1299.0,P080,S05,2,1773.27,2026-06-08
4248,1576.0,P060,S03,9,2002.56,2024-11-29
4249,52.0,P065,S04,10,2931.05,2024-11-07
4250,1459.0,P051,S02,7,3115.58,2024-10-15
4251,27.0,P087,S01,4,2508.18,2025-08-06
4252,63.0,P024,S01,10,1564.22,2025-01-29
4253,499.0,P063,S03,3,3768.98,2026-01-22
4254,889.0,P010,S02,2,1801.25,2025-03-20
4255,1873.0,P012,S01,4,3137.55,2025-11-17
4256,1125.0,P010,S01,6,691.09,2025-04-13
4257,780.0,P055,S03,1,4179.45,2024-06-17
4258,1842.0,P003,S01,4,2408.1,2026-03-07
4259,1000.0,P040,S05,6,4282.07,2026-03-07
4260,1277.0,P094,S01,10,841.72,2025-08-24
4261,1897.0,P077,S05,2,1591.89,2024-07-15
4262,1182.0,P029,S04,4,1306.97,2025-12-28
4263,447.0,P040,S02,6,753.55,2025-03-17
4264,1111.0,P022,S04,5,551.03,2024-07-19
4265,1171.0,P013,S05,4,343.7,2026-03-13
4266,1150.0,P018,S05,10,3346.81,2024-08-25
4267,39.0,P034,S02,3,4472.82,2025-09-09
4268,781.0,P030,S02,10,1055.26,2024-10-01
4269,22.0,P074,S01,3,2321.1,2024-06-09
4270,690.0,P058,S02,4,205.89,2024-06-21
4271,124.0,P012,S02,9,2578.97,2024-12-22
4272,533.0,P018,S05,7,3705.27,2025-02-05
4273,169.0,P036,S01,5,555.08,2024-12-31
4274,870.0,P091,S02,7,4290.94,2024-08-21
4275,798.0,P021,S01,9,3000.61,2024-12-12
4276,134.0,P047,S05,10,1867.05,2024-11-23
4277,39.0,P043,S03,9,3473.58,2025-04-11
4278,411.0,P078,S04,5,1001.34,2025-09-26
4279,47.0,P075,S04,7,1823.08,2024-08-31
4280,773.0,P014,S02,5,3204.14,2025-05-15
4281,1462.0,P055,S03,5,3848.68,2024-11-28
4282,700.0,P095,S03,3,2293.08,2024-07-31
4283,610.0,P088,S05,8,729.57,2026-04-16
4284,710.0,P095,S01,6,615.36,2024-07-09
4285,412.0,P017,S04,1,3618.42,2025-09-12
4286,1949.0,P048,S01,1,3072.97,2025-08-21
4287,1646.0,P070,S03,1,1261.21,2026-04-21
4288,1179.0,P096,S05,10,4401.48,2025-01-25
4289,1991.0,P028,S01,10,3516.53,2025-01-25
4290,1260.0,P011,S02,6,4801.91,2026-02-07
4291,728.0,P042,S01,6,788.65,2026-04-29
4292,843.0,P019,S02,2,4942.76,2026-02-05
4293,1653.0,P044,S01,1,2742.64,2026-03-29
4294,791.0,P015,S01,9,1567.23,2026-06-07
4295,485.0,P014,S05,4,805.79,2025-09-30
4296,1173.0,P076,S04,3,1816.11,2025-01-02
4297,652.0,P057,S03,7,980.32,2024-12-31
4298,154.0,P020,S05,4,2301.99,2025-06-21
4299,1476.0,P084,S03,4,1706.91,2025-03-10
4300,380.0,P005,S02,7,3817.51,2024-07-01
4301,1469.0,P051,S01,3,1355.14,2026-04-12
4302,1590.0,P080,S01,8,4338.58,2024-10-15
4303,892.0,P071,S01,7,478.21,2025-12-06
4304,1464.0,P080,S03,6,3329.13,2024-07-25
4305,1724.0,P062,S03,8,1389.51,2024-11-13
4306,812.0,P020,S02,3,2912.9,2025-03-20
4307,1856.0,P085,S05,9,2912.72,2024-10-16
4308,1493.0,P028,S02,6,4736.43,2024-10-09
4309,102.0,P075,S05,2,898.39,2024-10-10
4310,1071.0,P007,S01,4,4422.92,2025-06-08
4311,666.0,P056,S01,8,4079.82,2025-07-22
4312,1305.0,P082,S05,2,3081.33,2025-11-14
4313,1780.0,P059,S01,9,3806.11,2024-07-16
4314,1606.0,P011,S04,9,4929.53,2025-08-08
4315,291.0,P043,S01,7,1571.91,2024-07-30
4316,379.0,P004,S05,1,4597.47,2024-11-25
4317,288.0,P048,S04,4,2876.72,2026-05-04
4318,1898.0,P079,S02,8,1526.75,2025-12-28
4319,991.0,P062,S02,6,4220.44,2024-08-20
4320,326.0,P043,S02,10,1442.08,2025-07-23
4321,656.0,P097,S04,10,3515.4,2025-08-30
4322,1277.0,P098,S04,7,4699.56,2025-03-01
4323,259.0,P035,S03,5,243.08,2026-06-04
4324,999.0,P057,S01,3,1985.78,2024-08-14
4325,1716.0,P051,S01,1,2257.87,2024-10-31
4326,1891.0,P092,S05,4,2435.26,2024-09-16
4327,1404.0,P089,S01,3,1746.28,2024-09-03
4328,1039.0,P011,S04,8,3311.53,2024-08-27
4329,120.0,P025,S04,2,2004.81,2025-08-02
4330,695.0,P024,S02,10,1150.28,2024-12-15
4331,213.0,P079,S03,3,4766.27,2024-11-11
4332,219.0,P056,S05,9,1905.25,2025-01-10
4333,786.0,P069,S01,10,2755.08,2025-12-03
4334,1130.0,P050,S04,7,4799.8,2024-09-13
4335,1392.0,P023,S01,8,2639.71,2025-08-23
4336,155.0,P059,S04,10,2888.11,2024-06-19
4337,938.0,P001,S01,2,2870.79,2024-08-24
4338,1131.0,P092,S01,4,4437.06,2025-08-27
4339,865.0,P009,S05,3,2478.91,2025-06-30
4340,1897.0,P083,S03,9,4859.92,2026-05-01
4341,487.0,P023,S04,4,2595.41,2025-03-04
4342,596.0,P086,S01,1,1979.68,2025-08-26
4343,70.0,P044,S03,7,4114.55,2024-09-04
4344,1847.0,P082,S02,7,2148.16,2026-04-12
4345,1694.0,P069,S03,3,3388.02,2025-02-21
4346,1168.0,P006,S01,7,3588.93,2026-02-11
4347,648.0,P001,S02,2,3979.13,2024-08-10
4348,470.0,P081,S01,1,3447.91,2025-08-15
4349,1543.0,P069,S04,7,2681.05,2025-06-09
4350,1320.0,P030,S05,6,2874.22,2024-09-27
4351,40.0,P022,S01,7,1336.07,2025-08-22
4352,432.0,P005,S01,7,1829.03,2026-05-01
4353,733.0,P088,S02,8,4759.87,2025-05-31
4354,1809.0,P088,S03,1,298.01,2025-09-14
4355,186.0,P025,S05,5,3244.0,2025-06-24
4356,119.0,P087,S01,9,1397.51,2026-01-02
4357,124.0,P030,S01,5,1501.14,2024-08-28
4358,1729.0,P051,S02,10,797.79,2024-12-21
4359,965.0,P036,S01,1,1987.42,2026-04-04
4360,1205.0,P045,S04,9,1616.85,2024-11-24
4361,1146.0,P038,S04,2,4534.42,2024-12-17
4362,1736.0,P071,S03,3,3685.66,2025-03-07
4363,1987.0,P052,S04,5,4765.48,2025-10-09
4364,309.0,P063,S04,10,1668.18,2026-01-01
4365,11.0,P019,S05,1,3967.09,2025-07-14
4366,208.0,P083,S03,5,2552.89,2024-06-23
4367,165.0,P054,S01,10,4205.62,2024-09-16
4368,124.0,P097,S03,2,144.79,2025-01-21
4369,1509.0,P027,S05,6,2286.91,2025-06-21
4370,1901.0,P029,S04,4,1070.05,2026-04-17
4371,1657.0,P054,S05,9,1220.92,2025-05-08
4372,888.0,P004,S03,7,2008.75,2025-08-19
4373,1145.0,P097,S05,9,3378.97,2026-02-13
4374,805.0,P044,S01,5,302.29,2025-08-25
4375,885.0,P071,S03,8,2226.69,2026-02-14
4376,795.0,P086,S01,8,715.68,2025-12-19
4377,879.0,P072,S02,2,722.86,2025-05-22
4378,896.0,P088,S04,4,4343.55,2025-02-06
4379,483.0,P031,S04,4,1156.45,2025-01-25
4380,1194.0,P065,S05,10,2451.18,2025-08-25
4381,394.0,P067,S04,3,2571.05,2025-02-07
4382,1881.0,P020,S05,10,2457.63,2025-04-13
4383,72.0,P019,S04,10,3724.64,2024-08-24
4384,1990.0,P056,S01,7,4627.02,2026-03-10
4385,1596.0,P100,S05,6,1135.59,2025-07-28
4386,1383.0,P008,S02,2,1149.14,2024-11-09
4387,1592.0,P005,S01,2,4197.03,2025-03-22
4388,475.0,P100,S02,3,3451.78,2025-09-03
4389,1462.0,P048,S04,2,1547.32,2024-08-04
4390,898.0,P057,S04,8,4627.86,2024-11-16
4391,691.0,P040,S05,9,727.35,2025-01-09
4392,1436.0,P086,S02,8,504.99,2025-01-21
4393,1960.0,P042,S02,10,2942.03,2026-03-03
4394,908.0,P036,S03,7,984.81,2026-02-19
4395,249.0,P092,S03,3,2278.68,2025-05-19
4396,1674.0,P052,S05,3,2024.96,2025-10-10
4397,1234.0,P017,S04,1,2196.63,2025-02-15
4398,1916.0,P081,S04,4,1306.54,2024-07-20
4399,1015.0,P005,S02,6,3799.22,2025-11-24
4400,509.0,P060,S04,10,3410.89,2025-06-12
4401,821.0,P068,S01,4,659.98,2024-12-17
4402,132.0,P020,S01,5,949.65,2025-09-05
4403,1767.0,P016,S04,1,3612.51,2025-05-06
4404,683.0,P026,S01,7,3831.49,2024-09-06
4405,242.0,P062,S03,10,668.34,2025-07-17
4406,79.0,P059,S04,9,3179.27,2024-12-13
4407,1256.0,P071,S05,8,3405.13,2025-07-19
4408,1254.0,P068,S05,5,872.51,2025-03-27
4409,864.0,P047,S05,1,1668.43,2024-10-21
4410,594.0,P049,S03,9,1644.53,2025-05-20
4411,1594.0,P009,S04,6,3407.73,2024-07-05
4412,185.0,P048,S03,10,1840.72,2025-01-03
4413,1235.0,P059,S04,6,4275.75,2024-11-13
4414,806.0,P044,S01,4,4416.43,2024-12-08
4415,1724.0,P040,S01,2,4114.07,2025-04-01
4416,632.0,P072,S01,1,3024.97,2025-05-27
4417,1702.0,P075,S02,2,2070.18,2024-06-19
4418,708.0,P097,S02,1,302.63,2025-05-07
4419,492.0,P022,S01,4,214.1,2025-06-21
4420,1266.0,P097,S04,8,824.8,2025-08-11
4421,794.0,P065,S05,1,876.62,2024-08-19
4422,1592.0,P025,S02,2,2806.15,2024-10-10
4423,1355.0,P075,S01,6,4048.2,2025-11-30
4424,662.0,P014,S04,1,4560.31,2025-04-30
4425,1293.0,P077,S05,4,4976.99,2024-07-14
4426,1822.0,P079,S04,9,1958.65,2025-02-24
4427,1870.0,P078,S03,4,711.29,2026-05-30
4428,864.0,P017,S02,1,4918.76,2025-07-12
4429,1364.0,P061,S04,8,2502.31,2025-05-23
4430,231.0,P028,S04,4,2894.7,2024-12-31
4431,1351.0,P055,S02,7,3854.18,2026-05-20
4432,1378.0,P057,S05,5,1110.66,2025-06-04
4433,91.0,P065,S05,9,3640.45,2025-09-04
4434,538.0,P037,S01,9,2153.69,2024-09-26
4435,1365.0,P070,S02,9,153.88,2026-01-07
4436,1403.0,P047,S04,8,1643.68,2024-10-22
4437,76.0,P063,S02,7,3473.86,2024-07-25
4438,1839.0,P096,S01,10,3416.22,2025-09-28
4439,521.0,P097,S05,8,705.43,2025-10-10
4440,573.0,P036,S02,9,3508.3,2024-08-26
4441,1778.0,P082,S05,8,3410.29,2024-12-24
4442,1509.0,P041,S05,2,3966.66,2025-12-11
4443,329.0,P042,S03,2,2058.28,2024-12-11
4444,1475.0,P018,S04,8,1186.53,2025-09-25
4445,1205.0,P052,S02,10,2028.22,2025-06-30
4446,1369.0,P100,S05,10,4645.61,2024-07-18
4447,1294.0,P038,S04,4,3305.1,2026-05-10
4448,825.0,P051,S01,1,2387.9,2024-09-18
4449,346.0,P020,S03,8,4309.38,2024-12-26
4450,1186.0,P035,S01,9,1414.42,2025-11-24
4451,238.0,P008,S04,1,1656.86,2025-07-24
4452,505.0,P049,S05,8,645.24,2025-09-29
4453,1018.0,P071,S04,3,394.82,2025-02-26
4454,1406.0,P067,S04,2,1218.2,2024-09-02
4455,304.0,P011,S02,7,2928.08,2024-10-28
4456,1456.0,P023,S04,10,1716.61,2024-08-24
4457,778.0,P062,S04,9,3702.14,2025-09-13
4458,1736.0,P048,S04,3,3314.83,2025-12-08
4459,676.0,P017,S05,10,4553.24,2024-08-27
4460,1171.0,P027,S01,4,4684.33,2025-01-24
4461,947.0,P034,S05,9,2670.79,2026-05-05
4462,235.0,P088,S04,7,3689.88,2026-01-07
4463,751.0,P098,S04,2,221.48,2025-04-27
4464,827.0,P045,S03,3,3468.91,2025-11-30
4465,387.0,P032,S05,7,261.97,2026-01-01
4466,1551.0,P033,S05,7,2748.96,2025-03-28
4467,1557.0,P029,S05,2,3184.62,2026-03-16
4468,1370.0,P049,S05,10,3705.86,2026-04-22
4469,1696.0,P025,S05,8,4373.35,2026-05-11
4470,601.0,P022,S05,6,2187.5,2024-06-15
4471,1585.0,P016,S01,7,3341.73,2024-07-06
4472,1003.0,P098,S04,9,1890.67,2025-12-18
4473,1035.0,P055,S01,3,2956.8,2025-05-16
4474,1121.0,P080,S02,3,795.65,2025-05-17
4475,779.0,P007,S02,5,259.18,2025-09-13
4476,871.0,P070,S02,8,858.69,2026-01-22
4477,1676.0,P003,S01,6,3692.91,2024-09-26
4478,399.0,P040,S04,6,1676.36,2024-10-13
4479,1869.0,P082,S05,10,1904.6,2025-02-02
4480,550.0,P025,S02,4,766.15,2025-02-10
4481,79.0,P050,S05,5,4357.92,2026-03-26
4482,1188.0,P038,S05,9,4416.48,2025-12-01
4483,1351.0,P068,S02,2,1004.71,2025-09-30
4484,1423.0,P008,S02,9,753.16,2024-09-17
4485,1633.0,P072,S02,5,3965.16,2025-04-03
4486,1619.0,P079,S02,5,4180.48,2025-12-31
4487,33.0,P024,S03,9,2775.7,2025-11-30
4488,49.0,P076,S03,6,4106.07,2026-03-22
4489,1358.0,P070,S02,10,3097.91,2026-02-18
4490,101.0,P062,S03,2,3788.76,2025-11-06
4491,207.0,P008,S03,9,3420.07,2024-06-14
4492,1920.0,P031,S04,10,3692.2,2025-02-21
4493,1445.0,P009,S05,6,4262.01,2025-12-07
4494,1771.0,P070,S01,1,630.68,2024-07-23
4495,980.0,P044,S03,9,3683.59,2024-08-17
4496,146.0,P036,S03,9,1852.29,2025-09-12
4497,640.0,P060,S04,8,2603.98,2025-04-15
4498,694.0,P091,S01,6,2467.38,2024-10-03
4499,621.0,P034,S04,5,3135.99,2025-03-25
4500,1429.0,P068,S02,7,1354.13,2025-02-11
4501,1194.0,P041,S03,1,3815.28,2024-08-28
4502,1999.0,P033,S03,9,3607.4,2025-07-14
4503,1339.0,P060,S01,6,349.37,2026-05-17
4504,12.0,P084,S05,2,1497.13,2025-06-26
4505,832.0,P071,S03,10,2221.24,2024-07-28
4506,1285.0,P054,S04,4,575.94,2025-04-11
4507,770.0,P039,S04,5,3771.81,2025-08-03
4508,1028.0,P062,S03,8,820.92,2025-12-14
4509,947.0,P067,S02,4,2751.87,2025-01-17
4510,943.0,P058,S04,6,3493.19,2024-07-31
4511,187.0,P075,S02,9,1228.22,2025-09-18
4512,649.0,P014,S01,3,4175.86,2026-04-02
4513,672.0,P014,S03,1,3461.05,2026-01-16
4514,384.0,P044,S04,1,521.48,2026-04-12
4515,1078.0,P005,S02,8,4501.79,2026-02-06
4516,1940.0,P064,S05,1,178.51,2025-10-26
4517,491.0,P036,S01,4,268.22,2024-10-29
4518,1890.0,P079,S04,3,850.22,2024-09-21
4519,515.0,P012,S04,3,3449.44,2024-08-27
4520,279.0,P014,S02,1,1224.11,2025-05-06
4521,1790.0,P090,S05,9,977.37,2024-12-10
4522,1826.0,P006,S03,6,1267.24,2024-08-13
4523,694.0,P011,S02,3,1053.22,2025-08-15
4524,96.0,P018,S05,10,4132.55,2024-07-20
4525,1700.0,P063,S01,3,3873.01,2024-10-25
4526,97.0,P003,S03,1,513.19,2025-10-20
4527,783.0,P017,S01,6,1124.7,2025-01-29
4528,676.0,P088,S01,3,2699.44,2025-10-24
4529,731.0,P084,S02,10,2259.66,2026-02-07
4530,1592.0,P100,S03,9,1180.61,2026-02-03
4531,1956.0,P058,S05,10,4411.58,2025-06-27
4532,213.0,P090,S05,5,4986.98,2025-10-12
4533,438.0,P039,S04,6,4239.87,2025-06-16
4534,449.0,P032,S04,3,2202.35,2025-12-27
4535,1103.0,P037,S03,8,3078.3,2025-03-26
4536,741.0,P012,S03,10,4090.99,2026-05-28
4537,1200.0,P079,S02,5,1385.72,2025-04-27
4538,1582.0,P026,S03,4,4774.32,2026-04-16
4539,1928.0,P095,S03,8,4716.82,2025-01-09
4540,151.0,P074,S01,6,800.97,2024-08-13
4541,1912.0,P043,S04,2,3034.76,2025-12-27
4542,802.0,P042,S01,3,2960.94,2026-05-18
4543,307.0,P028,S03,6,2886.45,2026-04-30
4544,1583.0,P073,S05,7,1340.11,2025-09-24
4545,1202.0,P061,S02,7,4520.89,2026-01-15
4546,248.0,P054,S05,6,277.67,2026-02-03
4547,1168.0,P010,S05,9,412.67,2025-12-30
4548,886.0,P046,S03,1,3550.93,2024-11-11
4549,200.0,P095,S05,5,1661.42,2025-01-10
4550,1500.0,P077,S03,2,3168.9,2026-04-24
4551,1679.0,P003,S05,2,2537.32,2026-03-06
4552,300.0,P091,S01,5,188.82,2025-03-12
4553,1954.0,P003,S04,4,2232.07,2025-04-15
4554,258.0,P049,S02,6,3209.86,2025-07-09
4555,141.0,P085,S05,2,2402.82,2024-11-28
4556,215.0,P023,S04,4,4164.78,2025-01-30
4557,232.0,P021,S02,6,1729.43,2025-09-14
4558,360.0,P077,S05,10,4925.78,2024-11-06
4559,1059.0,P088,S04,6,3407.93,2026-01-06
4560,245.0,P047,S02,8,2694.45,2024-08-28
4561,675.0,P013,S02,6,437.98,2024-11-28
4562,1841.0,P049,S05,5,2692.97,2025-08-20
4563,1027.0,P025,S02,5,1804.01,2024-08-07
4564,1256.0,P049,S03,1,1079.82,2025-06-06
4565,1351.0,P037,S04,4,2433.18,2026-03-10
4566,350.0,P028,S04,3,326.62,2025-05-24
4567,839.0,P005,S03,3,3362.08,2025-10-14
4568,102.0,P075,S03,2,4230.73,2026-01-19
4569,331.0,P025,S01,1,4681.62,2026-05-18
4570,1718.0,P095,S02,3,4250.21,2025-10-30
4571,45.0,P032,S04,4,645.68,2025-10-01
4572,1448.0,P042,S03,4,4684.36,2024-12-26
4573,1222.0,P071,S05,2,1067.99,2026-04-21
4574,1353.0,P004,S05,8,4351.43,2025-09-24
4575,664.0,P090,S02,9,1599.63,2026-03-12
4576,1092.0,P006,S01,9,3938.62,2026-05-01
4577,1808.0,P027,S03,8,3948.22,2024-10-21
4578,1122.0,P047,S01,9,4784.95,2025-02-02
4579,103.0,P079,S04,7,1435.39,2025-03-07
4580,1216.0,P093,S01,5,4328.38,2025-04-06
4581,1648.0,P034,S03,6,4627.03,2026-02-18
4582,1073.0,P006,S01,2,1624.63,2025-11-08
4583,777.0,P094,S03,9,4028.76,2025-03-22
4584,1701.0,P002,S01,1,2818.07,2024-10-16
4585,1065.0,P032,S03,2,1278.19,2025-08-25
4586,862.0,P087,S01,7,3585.0,2026-03-19
4587,1360.0,P086,S05,1,2566.31,2024-11-26
4588,371.0,P021,S01,10,2479.24,2025-07-11
4589,528.0,P047,S03,10,295.54,2025-08-16
4590,1327.0,P089,S05,1,2883.17,2026-02-17
4591,542.0,P058,S04,8,838.27,2026-01-08
4592,584.0,P098,S01,5,1479.83,2025-04-01
4593,1788.0,P100,S03,3,2686.79,2026-01-23
4594,1303.0,P086,S03,9,1818.35,2024-09-02
4595,906.0,P062,S04,1,2963.5,2025-10-10
4596,477.0,P077,S01,6,2325.7,2024-08-05
4597,1982.0,P034,S01,6,3407.93,2024-08-14
4598,1122.0,P030,S04,7,1752.48,2026-01-09
4599,437.0,P046,S01,6,3318.92,2024-10-01
4600,438.0,P027,S01,5,824.4,2024-10-29
4601,714.0,P035,S01,7,703.86,2024-09-07
4602,1798.0,P060,S02,4,3352.54,2025-05-14
4603,1640.0,P077,S04,6,1597.33,2026-02-25
4604,1039.0,P072,S02,10,3088.17,2025-04-06
4605,1960.0,P094,S02,4,1342.4,2026-05-01
4606,29.0,P038,S05,4,351.77,2025-10-13
4607,1457.0,P088,S04,4,3631.91,2024-07-17
4608,1745.0,P010,S05,9,408.17,2026-05-19
4609,36.0,P014,S01,1,3707.36,2025-12-23
4610,1742.0,P069,S04,8,2435.56,2026-03-27
4611,1333.0,P053,S01,10,1741.57,2025-01-18
4612,1202.0,P011,S05,4,830.6,2025-09-01
4613,1624.0,P002,S05,5,4689.03,2025-01-29
4614,382.0,P036,S04,7,3945.26,2024-12-22
4615,1947.0,P081,S01,6,3633.94,2026-03-01
4616,505.0,P005,S04,5,4351.34,2024-12-15
4617,1406.0,P052,S04,4,3728.71,2024-08-03
4618,395.0,P061,S03,6,3385.07,2025-01-18
4619,1241.0,P096,S02,8,1952.63,2024-08-11
4620,773.0,P093,S05,2,4565.35,2026-06-03
4621,107.0,P039,S02,4,3710.37,2024-12-07
4622,675.0,P072,S04,6,1553.59,2025-08-14
4623,1145.0,P088,S05,2,3301.67,2026-03-04
4624,1503.0,P040,S03,6,3314.73,2025-01-18
4625,1347.0,P045,S01,7,1720.64,2025-08-15
4626,408.0,P022,S01,6,4408.58,2026-05-28
4627,520.0,P077,S02,2,1139.59,2026-01-08
4628,1739.0,P060,S01,5,958.92,2025-08-25
4629,740.0,P064,S05,5,2540.92,2025-06-09
4630,1817.0,P088,S02,5,4323.58,2024-11-23
4631,128.0,P032,S02,5,4860.55,2024-08-13
4632,17.0,P048,S03,8,2638.01,2026-01-31
4633,483.0,P038,S03,1,3419.3,2025-05-08
4634,1392.0,P008,S04,6,4448.55,2024-07-01
4635,1940.0,P080,S02,4,2286.72,2025-04-18
4636,337.0,P023,S03,3,1599.72,2024-08-19
4637,1046.0,P043,S03,3,417.78,2024-11-05
4638,210.0,P043,S02,9,1747.51,2024-07-04
4639,745.0,P086,S04,8,823.85,2026-02-22
4640,1096.0,P014,S01,7,3100.61,2024-08-23
4641,762.0,P018,S04,5,883.52,2025-07-28
4642,1493.0,P019,S01,1,3011.4,2025-12-31
4643,1770.0,P030,S05,3,1911.8,2024-06-14
4644,100.0,P031,S03,10,4109.3,2026-03-23
4645,369.0,P070,S05,1,4863.89,2025-07-19
4646,670.0,P081,S03,9,2404.12,2024-06-24
4647,1995.0,P089,S01,8,4594.0,2024-11-21
4648,1973.0,P037,S05,5,200.6,2025-09-10
4649,1216.0,P020,S04,8,2060.55,2024-11-27
4650,1448.0,P049,S02,7,1913.7,2025-11-19
4651,136.0,P063,S02,10,3584.61,2026-06-05
4652,1017.0,P086,S03,3,640.45,2025-05-29
4653,1230.0,P034,S05,6,4299.78,2025-06-05
4654,1779.0,P007,S04,1,116.09,2026-03-31
4655,1943.0,P094,S03,6,3170.36,2025-09-12
4656,1419.0,P038,S02,8,1726.68,2026-04-12
4657,1231.0,P070,S02,6,4479.62,2024-08-13
4658,1427.0,P028,S01,8,1685.99,2025-08-08
4659,469.0,P012,S04,5,3825.15,2024-09-03
4660,198.0,P015,S01,2,3020.93,2024-06-22
4661,524.0,P040,S04,1,1779.01,2024-12-02
4662,632.0,P027,S02,6,3456.65,2024-09-09
4663,651.0,P004,S02,2,4332.34,2024-09-22
4664,1176.0,P018,S02,2,343.85,2025-05-21
4665,1249.0,P010,S05,5,824.97,2026-02-11
4666,171.0,P062,S04,8,4306.35,2025-07-06
4667,1613.0,P015,S03,9,4442.21,2026-04-08
4668,1084.0,P083,S01,4,2298.08,2026-02-14
4669,1648.0,P100,S03,5,1316.36,2025-10-16
4670,998.0,P053,S01,5,3409.12,2025-12-15
4671,884.0,P029,S04,2,4960.63,2024-06-16
4672,1805.0,P095,S03,9,4788.51,2024-11-11
4673,1174.0,P048,S05,6,4081.29,2024-09-14
4674,1340.0,P004,S01,7,1865.54,2024-09-28
4675,1365.0,P024,S05,5,2398.35,2026-04-24
4676,1316.0,P025,S01,2,3834.7,2024-11-02
4677,672.0,P082,S05,8,1295.65,2026-04-18
4678,5.0,P041,S03,7,1140.23,2026-01-15
4679,669.0,P038,S01,10,507.91,2024-07-28
4680,601.0,P037,S05,8,3678.38,2025-02-06
4681,244.0,P014,S05,4,574.83,2025-01-11
4682,608.0,P029,S02,7,3101.15,2026-03-18
4683,908.0,P100,S05,5,1708.06,2024-11-07
4684,1384.0,P098,S05,7,1721.47,2025-05-08
4685,691.0,P051,S05,1,2528.47,2025-08-23
4686,466.0,P005,S04,1,240.21,2025-05-14
4687,5.0,P032,S02,4,906.55,2025-06-18
4688,739.0,P049,S02,4,159.71,2024-10-11
4689,1526.0,P066,S01,6,4387.16,2026-05-28
4690,1876.0,P058,S04,8,4962.43,2024-10-03
4691,524.0,P023,S01,2,178.48,2025-08-18
4692,1925.0,P041,S04,10,4130.65,2025-09-04
4693,1509.0,P005,S05,6,584.74,2026-03-27
4694,308.0,P059,S02,8,128.54,2026-05-02
4695,1876.0,P018,S04,4,914.86,2025-11-08
4696,649.0,P058,S01,3,156.47,2025-07-08
4697,1999.0,P032,S04,4,4797.28,2024-10-21
4698,783.0,P070,S02,3,3531.19,2025-10-04
4699,1512.0,P004,S02,6,4141.96,2024-09-24
4700,1088.0,P050,S05,9,3011.1,2025-06-11
4701,703.0,P052,S04,1,2146.83,2025-09-26
4702,968.0,P030,S03,3,494.28,2025-03-11
4703,200.0,P070,S01,4,2133.76,2024-12-15
4704,1752.0,P049,S04,5,4299.57,2024-08-03
4705,695.0,P030,S03,4,3567.34,2025-06-28
4706,443.0,P054,S02,2,1399.05,2026-05-14
4707,632.0,P081,S03,8,4719.63,2024-07-23
4708,1250.0,P037,S03,4,2360.33,2024-08-19
4709,91.0,P084,S03,5,2080.64,2025-11-30
4710,700.0,P083,S01,3,4785.97,2024-06-19
4711,1776.0,P061,S05,6,247.55,2024-08-02
4712,1173.0,P031,S05,5,554.04,2024-08-07
4713,1086.0,P059,S05,9,1379.88,2025-02-14
4714,334.0,P070,S02,4,3742.08,2024-12-07
4715,1819.0,P047,S05,8,2038.69,2024-07-11
4716,1548.0,P090,S02,1,4925.15,2025-10-30
4717,1424.0,P061,S05,4,1941.51,2026-05-16
4718,692.0,P023,S02,9,3962.13,2025-02-28
4719,1031.0,P070,S03,5,2475.31,2025-10-26
4720,1319.0,P032,S03,5,926.45,2026-03-20
4721,1337.0,P024,S03,6,508.52,2026-03-23
4722,631.0,P028,S02,3,3678.98,2024-09-04
4723,99.0,P054,S03,1,2558.03,2025-09-08
4724,1513.0,P001,S01,9,3390.38,2024-06-11
4725,1120.0,P055,S04,3,3686.11,2024-08-28
4726,489.0,P086,S01,7,476.17,2024-09-28
4727,1944.0,P034,S01,8,3541.61,2026-04-08
4728,115.0,P010,S05,9,2782.82,2025-09-23
4729,464.0,P078,S01,9,1290.58,2024-06-17
4730,1911.0,P005,S05,6,1045.09,2026-04-04
4731,1775.0,P065,S02,3,1409.7,2024-12-06
4732,362.0,P032,S01,2,3525.17,2025-07-11
4733,397.0,P005,S03,8,757.58,2025-02-21
4734,590.0,P073,S01,9,2002.87,2025-07-22
4735,701.0,P093,S05,3,4243.94,2026-04-06
4736,506.0,P061,S01,4,3977.18,2024-11-19
4737,940.0,P066,S05,6,2617.53,2024-10-25
4738,1315.0,P035,S04,7,4046.59,2025-06-11
4739,126.0,P024,S02,6,3849.36,2025-11-20
4740,1914.0,P063,S03,6,902.96,2024-11-06
4741,707.0,P083,S03,5,4514.85,2025-12-31
4742,416.0,P021,S03,2,2142.56,2026-04-26
4743,387.0,P038,S03,6,2688.61,2024-07-21
4744,2.0,P040,S04,7,3416.13,2025-04-19
4745,113.0,P085,S01,4,279.91,2026-05-22
4746,202.0,P058,S01,7,4726.01,2026-03-11
4747,931.0,P094,S05,9,2140.53,2024-11-09
4748,64.0,P030,S03,1,975.3,2025-10-12
4749,1059.0,P100,S03,7,1215.67,2026-06-06
4750,1801.0,P063,S05,2,256.34,2024-06-09
4751,1347.0,P091,S01,7,3008.66,2025-12-30
4752,1648.0,P056,S05,7,1630.4,2026-06-09
4753,244.0,P065,S05,4,1822.76,2025-01-17
4754,596.0,P017,S01,10,3970.82,2025-05-02
4755,1549.0,P036,S04,5,4566.53,2026-05-06
4756,866.0,P022,S02,10,4505.08,2024-12-06
4757,1231.0,P084,S04,9,2808.86,2026-01-31
4758,1812.0,P063,S05,7,773.29,2024-11-15
4759,1371.0,P065,S05,4,3170.32,2024-09-27
4760,1758.0,P070,S04,5,4702.26,2025-01-14
4761,307.0,P027,S04,2,1729.37,2024-07-12
4762,619.0,P069,S02,4,383.22,2025-01-09
4763,450.0,P022,S04,9,315.91,2025-11-14
4764,806.0,P072,S03,4,2823.11,2026-03-15
4765,1087.0,P037,S02,1,3562.51,2024-10-25
4766,1313.0,P057,S01,1,2983.95,2025-05-22
4767,1009.0,P043,S04,9,522.01,2026-01-22
4768,345.0,P092,S05,8,849.67,2025-11-26
4769,1304.0,P032,S01,4,2983.01,2024-12-26
4770,539.0,P006,S04,1,4725.13,2024-10-16
4771,43.0,P010,S03,7,2056.84,2026-02-05
4772,910.0,P003,S05,7,3237.13,2026-05-04
4773,1488.0,P090,S04,3,3605.77,2025-08-04
4774,1094.0,P050,S05,7,4600.87,2026-06-09
4775,1896.0,P051,S03,8,2619.02,2024-12-28
4776,1839.0,P081,S01,9,4630.95,2026-01-07
4777,669.0,P056,S04,1,4234.74,2024-06-24
4778,1872.0,P032,S02,1,1795.75,2026-03-08
4779,993.0,P098,S03,2,3708.36,2025-10-09
4780,1338.0,P095,S02,7,3288.25,2024-09-19
4781,1079.0,P042,S05,4,1477.29,2024-09-05
4782,577.0,P018,S05,1,571.08,2024-12-23
4783,1131.0,P039,S03,6,4014.95,2025-07-27
4784,1088.0,P002,S05,1,2076.46,2026-02-11
4785,570.0,P015,S05,6,4109.45,2025-03-09
4786,1613.0,P009,S01,2,4412.5,2026-01-05
4787,678.0,P049,S03,1,2110.75,2024-07-21
4788,1173.0,P081,S02,10,4818.07,2025-02-02
4789,1830.0,P026,S05,3,4901.51,2025-05-26
4790,629.0,P012,S04,2,4814.49,2024-11-26
4791,1925.0,P051,S02,10,3958.85,2024-07-31
4792,1419.0,P034,S04,3,2865.12,2026-01-26
4793,1379.0,P030,S04,3,4177.15,2025-11-16
4794,1946.0,P041,S05,8,3877.58,2025-05-09
4795,1306.0,P065,S02,4,1051.23,2025-11-26
4796,1226.0,P046,S02,10,4142.47,2024-11-01
4797,1672.0,P073,S02,3,1531.56,2024-12-16
4798,1531.0,P063,S01,5,2771.72,2025-10-09
4799,799.0,P036,S01,7,434.72,2026-02-08
4800,1221.0,P100,S01,7,4567.63,2025-09-11
4801,485.0,P088,S03,4,1655.3,2025-05-20
4802,566.0,P075,S04,9,4772.89,2026-05-02
4803,1429.0,P083,S05,7,2296.8,2026-04-25
4804,1198.0,P037,S05,3,3307.89,2024-12-08
4805,1569.0,P069,S01,5,3295.58,2025-12-27
4806,49.0,P024,S02,3,1448.23,2025-02-02
4807,298.0,P056,S05,10,1641.48,2025-12-17
4808,1142.0,P063,S01,10,2181.61,2024-06-12
4809,1379.0,P035,S02,3,770.82,2024-12-12
4810,1390.0,P019,S05,2,1367.57,2025-11-22
4811,1899.0,P096,S01,7,2534.52,2024-11-29
4812,1209.0,P062,S03,6,3037.68,2026-02-28
4813,673.0,P005,S03,5,1131.55,2025-05-16
4814,1001.0,P023,S01,10,2344.29,2025-10-17
4815,12.0,P084,S04,8,4267.33,2024-08-10
4816,1574.0,P053,S03,4,4350.77,2025-08-18
4817,23.0,P027,S04,3,2782.08,2025-09-25
4818,1757.0,P061,S04,5,2129.54,2026-05-23
4819,1900.0,P045,S04,4,4931.34,2025-07-30
4820,1737.0,P008,S05,5,1535.24,2025-12-22
4821,983.0,P039,S03,7,2070.57,2025-10-20
4822,1882.0,P013,S05,8,968.53,2024-08-29
4823,1187.0,P009,S03,6,1864.93,2025-01-01
4824,105.0,P007,S05,8,2684.49,2025-04-03
4825,1118.0,P013,S05,10,2929.49,2025-10-07
4826,189.0,P053,S01,1,485.34,2024-10-28
4827,1876.0,P076,S01,3,3974.55,2026-01-10
4828,1013.0,P070,S02,8,772.94,2025-07-15
4829,423.0,P002,S02,6,1817.53,2025-09-17
4830,1131.0,P026,S02,1,4631.09,2026-01-29
4831,749.0,P063,S03,6,2321.13,2024-12-12
4832,280.0,P077,S05,10,4719.25,2024-09-13
4833,544.0,P019,S05,10,1868.56,2025-12-28
4834,1892.0,P006,S03,4,4577.65,2026-02-11
4835,1382.0,P070,S04,1,4585.1,2024-09-09
4836,684.0,P074,S03,2,3647.15,2026-06-06
4837,1194.0,P096,S01,7,2779.41,2025-02-19
4838,925.0,P090,S04,2,2524.7,2025-10-06
4839,560.0,P032,S01,8,1104.52,2025-08-13
4840,736.0,P052,S02,2,1699.82,2025-04-21
4841,1316.0,P082,S02,4,1038.94,2025-09-05
4842,1792.0,P029,S01,2,4645.63,2025-08-16
4843,619.0,P097,S04,7,2723.43,2025-08-28
4844,1016.0,P014,S04,3,3676.91,2026-04-02
4845,1107.0,P064,S02,7,1533.1,2026-03-10
4846,1312.0,P091,S04,4,2043.43,2026-04-10
4847,1423.0,P074,S02,1,1597.3,2025-03-18
4848,1966.0,P075,S04,1,1722.35,2025-03-31
4849,1115.0,P065,S02,5,2738.28,2025-12-03
4850,1272.0,P008,S04,1,4235.01,2025-08-30
4851,1658.0,P070,S01,3,3550.95,2026-04-23
4852,946.0,P026,S05,6,4920.93,2025-06-16
4853,469.0,P090,S02,6,1229.95,2026-04-24
4854,1325.0,P087,S01,10,862.0,2026-02-09
4855,53.0,P011,S01,3,522.86,2025-09-18
4856,379.0,P086,S04,7,1248.76,2024-07-04
4857,4.0,P073,S02,4,1613.89,2025-11-19
4858,1062.0,P064,S04,8,315.66,2024-10-01
4859,1147.0,P077,S03,4,2662.76,2024-09-20
4860,1887.0,P037,S03,7,1476.11,2026-05-10
4861,1106.0,P085,S03,4,559.67,2026-05-27
4862,1199.0,P075,S01,9,4022.75,2026-05-23
4863,215.0,P010,S02,7,1844.95,2025-09-25
4864,486.0,P038,S05,3,887.03,2026-05-19
4865,1613.0,P031,S02,2,1321.27,2026-05-15
4866,12.0,P025,S03,7,4424.41,2025-09-22
4867,960.0,P066,S01,1,4912.03,2024-09-09
4868,359.0,P029,S02,5,1312.35,2026-02-26
4869,1540.0,P089,S01,4,1916.64,2024-10-17
4870,874.0,P088,S04,7,1568.42,2026-01-16
4871,1726.0,P066,S02,8,2313.88,2025-05-31
4872,1487.0,P056,S05,3,916.24,2025-08-20
4873,187.0,P075,S02,3,3657.16,2025-08-07
4874,641.0,P054,S01,2,4963.38,2025-04-20
4875,1949.0,P010,S01,2,4177.87,2025-04-04
4876,1821.0,P023,S03,6,2381.32,2025-07-06
4877,454.0,P009,S03,1,764.3,2024-10-19
4878,302.0,P059,S04,5,1941.09,2025-09-16
4879,655.0,P038,S02,2,3042.45,2026-02-21
4880,503.0,P033,S01,8,4401.27,2025-03-11
4881,401.0,P097,S01,7,1317.27,2024-08-05
4882,1098.0,P080,S05,7,2339.97,2025-10-12
4883,180.0,P084,S01,10,2545.12,2025-07-29
4884,1003.0,P079,S05,2,2655.83,2025-12-15
4885,1156.0,P059,S04,1,3943.05,2025-09-11
4886,622.0,P089,S03,9,446.24,2026-05-12
4887,204.0,P071,S05,10,3654.83,2024-09-25
4888,1175.0,P036,S02,4,4999.4,2024-10-03
4889,1861.0,P015,S03,2,2208.3,2025-12-09
4890,573.0,P052,S03,6,2543.84,2026-06-05
4891,279.0,P041,S01,2,4514.81,2024-07-18
4892,1867.0,P009,S03,3,901.95,2026-04-04
4893,1861.0,P046,S03,4,707.96,2025-01-05
4894,155.0,P086,S01,9,3436.39,2025-08-11
4895,1149.0,P090,S04,4,4089.24,2025-05-02
4896,93.0,P024,S01,2,4647.0,2024-06-22
4897,387.0,P057,S01,4,3224.76,2024-11-18
4898,1581.0,P047,S05,9,3408.04,2024-12-31
4899,1002.0,P008,S03,4,3100.87,2025-09-02
4900,824.0,P054,S01,2,4162.8,2024-09-06
4901,1684.0,P089,S04,6,224.61,2025-02-25
4902,1233.0,P038,S04,3,4744.21,2025-10-25
4903,276.0,P003,S04,5,3956.41,2025-09-26
4904,1336.0,P068,S05,6,4055.88,2025-11-11
4905,78.0,P040,S05,8,3954.32,2024-12-06
4906,1766.0,P028,S02,7,4958.29,2025-09-13
4907,356.0,P070,S05,8,681.71,2025-03-27
4908,1422.0,P085,S03,9,1355.4,2026-03-16
4909,1301.0,P077,S02,5,773.73,2024-08-05
4910,1427.0,P027,S05,4,2429.22,2025-04-30
4911,1609.0,P089,S03,3,3776.39,2025-11-05
4912,1627.0,P086,S04,8,2802.52,2025-02-23
4913,1867.0,P095,S02,5,1593.18,2026-02-03
4914,1989.0,P008,S04,8,3335.1,2024-09-03
4915,546.0,P047,S02,10,2645.2,2026-04-24
4916,44.0,P044,S02,4,1105.95,2025-10-17
4917,214.0,P099,S03,10,2657.28,2025-03-25
4918,1573.0,P015,S01,1,3236.33,2024-08-03
4919,1797.0,P057,S04,5,3049.6,2025-03-31
4920,1828.0,P073,S02,4,4389.97,2025-11-21
4921,377.0,P020,S05,4,3049.74,2025-05-18
4922,259.0,P012,S05,10,4515.81,2026-01-09
4923,349.0,P100,S04,5,4601.23,2025-07-28
4924,997.0,P070,S02,1,4916.73,2026-01-19
4925,741.0,P022,S02,7,2398.44,2025-03-29
4926,589.0,P059,S04,10,3075.77,2025-03-10
4927,1415.0,P051,S02,8,392.0,2025-06-28
4928,591.0,P019,S03,2,3293.55,2025-08-25
4929,686.0,P051,S02,7,1838.48,2024-08-01
4930,542.0,P051,S01,5,3565.14,2025-11-16
4931,770.0,P012,S02,7,2377.62,2025-05-14
4932,1202.0,P010,S05,1,4668.22,2025-07-17
4933,1324.0,P016,S02,8,1593.51,2024-11-16
4934,715.0,P050,S05,2,1093.29,2025-07-30
4935,1400.0,P019,S02,6,176.41,2025-06-03
4936,139.0,P074,S02,7,4312.09,2024-11-29
4937,46.0,P003,S02,6,1761.07,2025-10-23
4938,831.0,P080,S02,5,4526.24,2025-11-17
4939,481.0,P022,S05,9,3932.97,2025-02-11
4940,197.0,P009,S04,7,1574.8,2026-02-06
4941,1250.0,P035,S02,7,3609.11,2026-01-28
4942,723.0,P089,S03,8,3978.57,2024-09-25
4943,308.0,P084,S01,5,836.83,2025-12-28
4944,694.0,P100,S05,8,824.62,2025-04-18
4945,1844.0,P027,S01,8,2180.18,2025-08-06
4946,1649.0,P054,S01,3,858.73,2026-04-08
4947,404.0,P083,S05,6,122.86,2025-07-04
4948,1769.0,P086,S01,9,4336.16,2024-12-23
4949,1026.0,P033,S01,3,4888.03,2024-08-23
4950,1403.0,P051,S05,9,4105.45,2025-02-03
4951,1407.0,P060,S01,3,1417.49,2024-12-15
4952,1241.0,P096,S03,2,365.68,2024-12-21
4953,1767.0,P038,S02,2,1662.04,2025-10-12
4954,1341.0,P014,S03,2,3283.63,2025-11-11
4955,841.0,P076,S01,9,4797.29,2025-07-18
4956,1494.0,P096,S04,8,4603.73,2025-12-13
4957,762.0,P098,S04,9,920.52,2025-03-21
4958,1231.0,P059,S05,9,3855.95,2026-03-07
4959,115.0,P018,S01,9,4796.42,2024-07-09
4960,1888.0,P058,S01,10,4288.31,2024-11-06
4961,1565.0,P051,S03,10,851.69,2024-07-12
4962,1334.0,P043,S02,4,3333.81,2026-04-08
4963,1771.0,P088,S02,3,3086.3,2024-09-17
4964,1632.0,P037,S02,3,4569.22,2024-07-30
4965,892.0,P003,S03,4,3798.55,2026-05-24
4966,1657.0,P042,S04,9,641.48,2024-10-20
4967,858.0,P044,S01,3,1735.87,2025-02-09
4968,1896.0,P088,S01,5,1222.05,2026-01-06
4969,1081.0,P086,S03,9,4905.13,2025-11-14
4970,1333.0,P064,S01,10,2228.91,2024-09-18
4971,863.0,P058,S04,10,2455.7,2024-09-30
4972,124.0,P091,S01,4,4371.01,2024-10-06
4973,685.0,P023,S01,8,2772.29,2024-06-18
4974,272.0,P029,S04,8,636.55,2024-09-25
4975,1122.0,P008,S05,6,4855.63,2025-10-27
4976,1302.0,P063,S02,7,1840.19,2025-05-21
4977,256.0,P032,S02,7,1877.29,2025-10-15
4978,784.0,P091,S04,1,1673.98,2025-06-22
4979,1845.0,P037,S01,9,3718.84,2026-04-17
4980,576.0,P059,S04,8,4259.24,2024-11-15
4981,89.0,P024,S03,2,1867.65,2026-02-02
4982,829.0,P064,S01,3,4746.99,2025-05-23
4983,116.0,P013,S01,7,2398.15,2024-07-27
4984,662.0,P088,S02,4,584.29,2025-11-10
4985,1727.0,P061,S04,4,4350.37,2025-03-04
4986,1824.0,P093,S02,4,2143.53,2026-04-03
4987,608.0,P098,S02,1,102.76,2025-09-08
4988,1864.0,P001,S01,2,3827.38,2025-02-23
4989,1532.0,P026,S04,8,4131.56,2025-01-27
4990,1261.0,P007,S03,3,2183.32,2025-12-10
4991,1173.0,P002,S02,7,2090.73,2025-10-14
4992,951.0,P038,S04,8,1069.34,2025-06-12
4993,1171.0,P002,S04,7,1673.69,2025-04-30
4994,398.0,P075,S03,8,1940.02,2024-08-28
4995,978.0,P031,S01,1,2622.84,2025-07-28
4996,328.0,P086,S01,5,3351.45,2025-12-03
4997,1914.0,P091,S03,4,1131.04,2025-10-14
4998,564.0,P069,S03,9,4074.91,2024-10-30
4999,1327.0,P029,S05,2,2073.62,2025-04-22
5000,819.0,P090,S04,2,1504.09,2024-12-26
5001,1170.0,P064,S02,9,655.7,2024-12-09
5002,1889.0,P068,S02,1,1387.72,2024-12-26
5003,12.0,P070,S05,9,2260.6,2025-12-12
5004,1800.0,P099,S05,1,2496.88,2026-04-14
5005,8.0,P077,S01,6,3640.42,2026-04-24
5006,1516.0,P037,S02,5,2003.78,2025-06-26
5007,512.0,P013,S04,2,1856.73,2024-12-26
5008,766.0,P026,S03,9,388.58,2025-04-05
5009,1941.0,P097,S04,8,4236.41,2025-12-22
5010,811.0,P048,S03,7,1460.32,2025-01-28
5011,255.0,P035,S01,10,4500.72,2025-06-03
5012,309.0,P076,S05,3,3648.26,2025-03-11
5013,889.0,P006,S01,2,548.49,2026-05-14
5014,1949.0,P069,S05,5,4075.18,2026-03-01
5015,1830.0,P028,S05,4,1462.36,2024-09-10
5016,1140.0,P045,S01,4,517.82,2024-06-22
5017,1321.0,P018,S05,9,1741.18,2026-01-27
5018,251.0,P077,S04,5,3080.38,2025-09-14
5019,144.0,P003,S04,8,1931.64,2025-02-20
5020,823.0,P100,S01,1,3893.85,2025-04-20
5021,391.0,P098,S01,2,2474.37,2025-08-31
5022,1499.0,P015,S01,10,3866.76,2025-07-23
5023,911.0,P057,S05,9,562.68,2025-07-09
5024,1255.0,P080,S05,2,932.93,2025-03-04
5025,1565.0,P038,S01,7,2299.27,2025-04-09
5026,1003.0,P024,S04,2,334.16,2025-09-08
5027,1756.0,P079,S03,4,4687.53,2025-06-04
5028,1042.0,P011,S04,5,547.27,2026-05-02
5029,267.0,P047,S04,6,4124.66,2025-08-13
5030,1447.0,P012,S03,6,3181.59,2025-01-18
5031,396.0,P062,S02,4,1097.2,2025-04-20
5032,262.0,P052,S01,10,4915.67,2024-07-20
5033,1893.0,P067,S02,8,1151.1,2026-04-04
5034,402.0,P013,S02,2,3010.19,2025-06-07
5035,1661.0,P049,S05,5,491.95,2024-12-10
5036,1499.0,P087,S01,5,1053.65,2025-12-25
5037,626.0,P030,S03,7,1445.92,2025-02-12
5038,1376.0,P014,S02,8,1733.78,2025-06-27
5039,650.0,P086,S04,10,389.3,2024-07-29
5040,1923.0,P024,S02,1,3903.42,2026-02-01
5041,1922.0,P025,S05,1,2720.97,2026-01-11
5042,1401.0,P080,S04,3,3017.33,2025-09-23
5043,1829.0,P011,S02,4,3995.38,2024-09-09
5044,1502.0,P076,S02,2,1921.92,2025-03-01
5045,1318.0,P053,S03,1,4722.75,2025-04-13
5046,1243.0,P076,S05,5,718.42,2024-10-22
5047,913.0,P030,S03,2,1376.81,2026-01-07
5048,1734.0,P083,S01,6,1523.66,2024-12-31
5049,1081.0,P078,S04,3,3637.48,2025-07-06
5050,1189.0,P093,S04,2,2878.87,2025-03-13
5051,1366.0,P037,S02,4,4015.26,2025-05-15
5052,1578.0,P059,S04,5,3784.28,2025-02-06
5053,1224.0,P032,S03,8,3081.97,2024-08-22
5054,682.0,P030,S02,7,1195.31,2024-09-16
5055,181.0,P033,S05,4,144.85,2025-08-12
5056,184.0,P077,S05,10,1860.67,2026-04-02
5057,866.0,P029,S04,7,2304.61,2025-12-23
5058,511.0,P002,S01,8,2813.97,2024-12-06
5059,198.0,P068,S04,5,1122.51,2024-11-07
5060,1711.0,P058,S04,8,2576.73,2025-02-28
5061,1637.0,P023,S02,1,259.23,2024-10-27
5062,1371.0,P084,S01,5,3992.44,2026-01-27
5063,1107.0,P005,S05,3,4514.08,2024-07-08
5064,1996.0,P037,S05,8,1357.73,2025-01-10
5065,1243.0,P052,S03,5,3535.53,2026-01-13
5066,1728.0,P085,S05,9,486.93,2025-06-11
5067,1299.0,P081,S01,4,2327.58,2024-08-16
5068,1448.0,P099,S05,10,2575.41,2025-07-26
5069,812.0,P016,S05,2,2971.15,2025-02-28
5070,1448.0,P090,S03,3,1102.54,2026-05-26
5071,520.0,P008,S04,5,3021.12,2025-03-09
5072,102.0,P017,S01,7,155.77,2025-04-29
5073,1205.0,P090,S04,1,3969.26,2026-05-19
5074,584.0,P021,S02,10,2958.11,2025-03-20
5075,1923.0,P059,S03,1,3129.33,2026-04-19
5076,1871.0,P042,S01,9,4342.86,2025-06-07
5077,534.0,P080,S02,4,359.72,2025-08-10
5078,1497.0,P036,S04,6,4577.98,2024-10-11
5079,276.0,P009,S02,7,833.64,2025-01-18
5080,537.0,P032,S05,10,4976.93,2025-05-05
5081,390.0,P056,S02,8,3322.93,2024-12-28
5082,714.0,P074,S04,5,934.22,2025-11-28
5083,1399.0,P025,S04,7,1119.32,2024-10-17
5084,1970.0,P037,S03,4,4030.34,2025-08-24
5085,200.0,P033,S04,6,1453.25,2025-10-27
5086,43.0,P078,S04,1,1786.86,2025-06-22
5087,836.0,P001,S04,4,4609.09,2025-08-25
5088,1203.0,P022,S03,3,4470.12,2025-07-06
5089,834.0,P063,S03,5,339.08,2026-03-04
5090,1941.0,P043,S02,4,3408.99,2024-08-12
5091,791.0,P053,S02,1,2563.11,2025-08-21
5092,1077.0,P022,S02,6,2691.69,2024-10-24
5093,1184.0,P066,S04,1,402.66,2025-11-05
5094,23.0,P080,S05,2,1544.76,2025-11-24
5095,1648.0,P042,S04,2,2226.68,2025-08-21
5096,773.0,P003,S02,4,2317.4,2025-01-08
5097,292.0,P070,S02,7,2030.03,2024-12-10
5098,298.0,P059,S03,8,1168.53,2026-03-31
5099,202.0,P090,S02,6,2740.99,2025-11-22
5100,63.0,P068,S04,4,2624.57,2025-07-31
5101,1858.0,P046,S01,9,1535.16,2025-06-06
5102,765.0,P076,S05,3,1672.55,2026-04-04
5103,401.0,P033,S05,3,4790.79,2024-09-23
5104,1627.0,P045,S02,4,4775.23,2024-10-25
5105,1528.0,P031,S04,1,3863.88,2024-12-27
5106,300.0,P003,S01,8,4503.69,2026-05-16
5107,2000.0,P035,S05,7,1293.57,2025-03-29
5108,324.0,P010,S03,1,1603.04,2025-10-23
5109,1266.0,P014,S04,4,862.14,2024-08-29
5110,1699.0,P041,S04,8,4362.67,2025-08-11
5111,1710.0,P014,S05,9,4475.31,2025-05-27
5112,1519.0,P006,S03,1,1689.53,2024-12-14
5113,1423.0,P038,S01,7,4179.93,2025-07-14
5114,1925.0,P012,S05,7,553.84,2025-01-04
5115,516.0,P061,S01,3,4305.34,2025-06-28
5116,852.0,P052,S04,6,1399.3,2026-05-13
5117,1331.0,P002,S05,6,2119.81,2025-10-25
5118,1129.0,P020,S02,3,4863.53,2025-09-30
5119,903.0,P023,S03,3,3061.68,2025-12-26
5120,475.0,P076,S02,2,4073.08,2026-01-18
5121,1079.0,P001,S05,5,1473.55,2024-09-20
5122,1614.0,P042,S05,4,2585.92,2025-06-01
5123,1200.0,P095,S01,9,4156.2,2024-12-07
5124,309.0,P029,S04,3,120.69,2025-06-04
5125,488.0,P028,S01,4,1123.02,2026-04-30
5126,1253.0,P064,S01,1,550.83,2026-01-20
5127,1838.0,P099,S05,7,2822.12,2024-07-28
5128,1699.0,P067,S01,3,172.63,2026-03-21
5129,1288.0,P054,S05,3,857.9,2024-11-08
5130,1184.0,P008,S01,5,2452.28,2025-12-14
5131,273.0,P009,S04,8,1328.27,2024-08-20
5132,14.0,P057,S02,3,579.16,2025-04-04
5133,884.0,P005,S05,10,3903.34,2024-08-21
5134,1344.0,P082,S02,4,4448.07,2025-03-06
5135,28.0,P062,S01,5,975.55,2025-05-08
5136,1939.0,P062,S01,4,2125.98,2025-02-26
5137,1363.0,P098,S01,7,3403.66,2026-03-06
5138,105.0,P043,S02,5,4200.57,2024-11-05
5139,1302.0,P027,S04,7,114.78,2025-06-20
5140,1449.0,P094,S05,5,128.72,2024-12-18
5141,1465.0,P081,S01,9,2257.42,2026-01-13
5142,430.0,P024,S05,7,3390.69,2025-01-30
5143,1835.0,P087,S03,3,3390.29,2024-12-27
5144,1831.0,P007,S04,2,1481.56,2025-09-11
5145,1302.0,P006,S05,6,1171.33,2024-07-15
5146,1980.0,P055,S04,8,4847.69,2025-11-24
5147,659.0,P076,S03,7,3630.69,2025-08-14
5148,916.0,P040,S05,10,1863.75,2025-04-24
5149,1056.0,P046,S01,9,2840.74,2025-12-15
5150,263.0,P071,S01,4,4423.46,2025-09-18
5151,1992.0,P046,S04,2,4843.54,2025-04-13
5152,465.0,P071,S03,2,1761.08,2025-07-25
5153,1245.0,P020,S05,5,575.47,2024-11-03
5154,49.0,P028,S03,10,3941.63,2024-11-10
5155,1277.0,P018,S01,9,4564.69,2024-11-12
5156,907.0,P085,S01,4,3453.47,2024-06-14
5157,441.0,P015,S03,6,2760.07,2025-10-21
5158,517.0,P068,S02,4,1576.39,2026-04-27
5159,1228.0,P053,S02,9,4471.01,2025-02-21
5160,1974.0,P095,S04,2,3723.2,2024-10-20
5161,493.0,P057,S03,6,4137.72,2024-08-29
5162,325.0,P044,S04,9,110.16,2026-04-15
5163,548.0,P026,S01,8,4033.46,2024-06-28
5164,1020.0,P075,S01,10,2232.02,2025-09-21
5165,1281.0,P008,S01,9,2141.82,2025-11-08
5166,1710.0,P046,S03,3,302.3,2025-10-19
5167,1547.0,P073,S05,1,2482.87,2024-06-21
5168,887.0,P007,S05,5,4191.23,2024-08-06
5169,196.0,P063,S05,1,266.04,2025-08-29
5170,1180.0,P032,S05,8,2188.75,2025-03-02
5171,441.0,P065,S04,8,635.98,2025-02-22
5172,1071.0,P096,S03,10,2111.84,2025-03-07
5173,1721.0,P093,S01,2,3171.78,2026-03-03
5174,1520.0,P056,S02,5,3854.86,2025-04-15
5175,872.0,P088,S03,2,3749.98,2025-07-22
5176,816.0,P024,S02,7,4695.93,2025-09-02
5177,1279.0,P031,S04,5,706.8,2026-01-22
5178,1323.0,P092,S01,9,1996.29,2025-01-10
5179,1794.0,P045,S03,6,829.36,2024-12-23
5180,61.0,P047,S03,6,3824.29,2025-11-21
5181,1240.0,P071,S05,2,2536.82,2025-11-08
5182,1495.0,P080,S04,9,571.05,2025-03-21
5183,1210.0,P092,S04,9,2949.98,2024-10-10
5184,571.0,P091,S01,7,1617.83,2025-11-27
5185,425.0,P058,S03,5,3312.39,2025-02-09
5186,1330.0,P083,S04,7,106.09,2025-02-11
5187,1109.0,P072,S05,5,3452.02,2026-04-24
5188,1256.0,P100,S02,9,2922.48,2025-11-15
5189,1433.0,P070,S02,2,392.94,2025-07-30
5190,26.0,P013,S02,9,2672.9,2024-11-21
5191,1695.0,P075,S01,7,2019.21,2025-06-16
5192,1629.0,P088,S03,7,4302.73,2025-07-22
5193,179.0,P056,S03,9,2580.63,2025-12-25
5194,934.0,P056,S05,5,1427.04,2024-10-10
5195,384.0,P030,S02,5,4863.1,2026-02-17
5196,505.0,P041,S02,8,373.64,2025-03-11
5197,965.0,P060,S01,6,922.18,2025-11-28
5198,417.0,P007,S05,2,1003.98,2025-04-03
5199,498.0,P042,S04,4,2912.95,2025-01-25
5200,527.0,P047,S04,2,2782.78,2025-05-11
5201,720.0,P058,S05,7,4127.69,2026-01-27
5202,1901.0,P037,S01,10,3462.21,2024-10-14
5203,1038.0,P061,S05,5,4191.5,2025-01-27
5204,1954.0,P051,S05,10,2320.84,2024-10-05
5205,480.0,P048,S04,1,2418.94,2025-05-13
5206,991.0,P089,S05,3,1409.83,2025-05-04
5207,697.0,P069,S02,6,680.97,2024-10-12
5208,37.0,P097,S02,2,1634.88,2026-04-06
5209,1479.0,P062,S01,7,1236.61,2025-12-04
5210,684.0,P003,S01,7,611.99,2025-05-15
5211,372.0,P037,S01,3,3078.83,2025-01-29
5212,412.0,P031,S05,2,3367.78,2025-08-06
5213,1312.0,P052,S03,10,667.05,2024-09-30
5214,1685.0,P075,S05,5,2064.82,2025-08-09
5215,650.0,P021,S05,2,2607.17,2024-12-21
5216,141.0,P008,S01,6,572.42,2024-11-14
5217,593.0,P064,S02,3,3367.74,2025-03-28
5218,300.0,P100,S04,4,4826.37,2024-11-04
5219,388.0,P036,S02,10,371.5,2025-06-25
5220,1866.0,P063,S01,7,3416.62,2025-11-06
5221,388.0,P051,S03,8,4720.63,2024-09-13
5222,1977.0,P054,S01,4,1790.87,2025-01-15
5223,1725.0,P044,S01,2,2842.46,2024-09-16
5224,1142.0,P082,S02,7,2673.47,2024-07-07
5225,1001.0,P082,S05,3,1972.71,2025-03-13
5226,147.0,P074,S05,5,1521.35,2026-06-01
5227,1654.0,P071,S02,4,4070.75,2026-02-13
5228,1795.0,P008,S03,5,682.41,2024-07-06
5229,776.0,P024,S03,10,3705.98,2026-03-03
5230,1089.0,P070,S03,7,1379.6,2025-08-20
5231,1741.0,P089,S04,1,3190.7,2025-09-10
5232,1042.0,P049,S01,8,3011.54,2025-11-22
5233,1453.0,P028,S02,8,851.0,2025-01-07
5234,701.0,P007,S04,3,3555.71,2025-09-28
5235,850.0,P059,S03,2,2853.23,2025-06-24
5236,1886.0,P083,S05,5,4490.03,2024-09-02
5237,107.0,P034,S02,1,4972.18,2025-01-16
5238,1546.0,P089,S05,8,2907.8,2024-08-01
5239,1078.0,P010,S04,8,3320.13,2025-08-03
5240,948.0,P016,S05,3,1281.46,2024-08-06
5241,1977.0,P010,S01,3,2489.1,2025-09-13
5242,341.0,P033,S01,4,3052.53,2025-03-13
5243,897.0,P024,S04,4,4236.31,2026-02-27
5244,1854.0,P019,S05,7,859.91,2026-04-08
5245,56.0,P040,S02,1,1566.43,2024-10-17
5246,130.0,P024,S01,8,4867.11,2026-03-18
5247,198.0,P043,S02,9,1854.56,2025-08-11
5248,1592.0,P097,S01,5,935.01,2024-11-23
5249,1859.0,P008,S05,6,418.75,2024-08-09
5250,1272.0,P092,S01,7,3815.2,2026-03-29
5251,155.0,P061,S02,6,4988.65,2024-12-18
5252,1708.0,P074,S03,5,1364.69,2025-02-16
5253,1821.0,P043,S05,8,1636.32,2026-02-02
5254,1360.0,P082,S01,3,2482.56,2024-09-19
5255,1461.0,P016,S04,8,3805.85,2025-07-05
5256,414.0,P046,S01,1,2555.82,2026-02-23
5257,1616.0,P073,S02,2,3711.97,2025-05-27
5258,1256.0,P012,S01,6,2268.17,2024-08-03
5259,184.0,P058,S01,1,2798.15,2024-07-03
5260,888.0,P089,S03,5,2633.54,2024-11-04
5261,816.0,P015,S03,5,1793.43,2025-09-06
5262,1460.0,P004,S02,4,4265.28,2025-11-07
5263,1972.0,P051,S02,2,4783.37,2024-09-05
5264,732.0,P005,S03,3,2208.53,2025-12-10
5265,1240.0,P077,S01,8,3157.14,2025-06-22
5266,1382.0,P041,S01,9,1606.23,2024-12-01
5267,574.0,P099,S01,7,2599.59,2026-04-10
5268,231.0,P026,S05,9,3056.44,2025-03-23
5269,778.0,P049,S04,6,3338.14,2026-05-12
5270,1192.0,P038,S04,5,1420.36,2026-05-29
5271,364.0,P034,S01,1,1271.5,2024-10-02
5272,244.0,P030,S02,3,114.22,2024-09-29
5273,1395.0,P089,S05,2,414.63,2026-04-28
5274,389.0,P054,S04,8,3206.77,2026-05-14
5275,1090.0,P037,S03,1,1513.92,2024-09-20
5276,376.0,P064,S03,2,1950.73,2024-09-11
5277,837.0,P049,S05,3,734.54,2024-09-26
5278,1886.0,P056,S02,5,3415.77,2024-06-19
5279,284.0,P017,S01,9,1977.57,2026-06-02
5280,41.0,P045,S05,2,1136.7,2024-07-26
5281,759.0,P035,S04,1,2656.05,2024-11-28
5282,863.0,P085,S02,3,2301.35,2024-10-19
5283,236.0,P067,S03,4,3718.97,2025-01-12
5284,1173.0,P091,S02,3,3277.84,2026-02-16
5285,1086.0,P076,S05,6,3844.68,2025-09-07
5286,1383.0,P035,S03,9,931.26,2026-03-15
5287,774.0,P083,S04,3,2576.28,2026-02-06
5288,456.0,P024,S03,8,3065.6,2025-03-02
5289,475.0,P049,S01,5,3790.2,2025-11-19
5290,118.0,P063,S03,10,4207.53,2024-10-06
5291,1135.0,P016,S01,6,457.15,2025-02-05
5292,1824.0,P072,S05,4,2154.89,2024-08-23
5293,1768.0,P099,S05,7,2572.49,2026-01-24
5294,413.0,P064,S01,2,1920.76,2026-03-19
5295,1278.0,P050,S03,1,1275.27,2025-06-11
5296,993.0,P052,S01,1,1123.3,2025-03-09
5297,625.0,P084,S03,3,848.99,2025-05-03
5298,20.0,P078,S02,2,3181.88,2026-03-05
5299,1160.0,P092,S02,5,1391.98,2026-06-01
5300,1244.0,P086,S03,9,1161.02,2026-01-11
5301,1450.0,P009,S02,5,595.95,2026-03-02
5302,1128.0,P078,S05,10,3129.82,2025-04-07
5303,749.0,P086,S05,8,2621.55,2025-03-07
5304,1867.0,P024,S02,1,4546.64,2025-09-01
5305,249.0,P053,S04,3,1289.79,2025-09-06
5306,220.0,P069,S03,10,1192.24,2024-09-10
5307,1951.0,P057,S05,3,4737.74,2024-08-11
5308,411.0,P006,S03,2,3349.87,2026-01-16
5309,194.0,P048,S03,6,4144.44,2026-01-01
5310,1057.0,P068,S05,9,1491.21,2025-04-26
5311,1007.0,P042,S02,4,773.92,2025-08-05
5312,1604.0,P026,S05,3,2168.11,2025-06-23
5313,509.0,P020,S02,6,4803.82,2025-11-22
5314,409.0,P098,S01,3,2277.52,2024-11-19
5315,1497.0,P075,S01,5,1455.28,2024-12-25
5316,1561.0,P022,S03,1,4200.55,2025-02-12
5317,7.0,P059,S03,2,844.27,2025-02-24
5318,1097.0,P089,S02,6,3622.1,2026-03-15
5319,1085.0,P024,S01,4,3001.61,2026-05-07
5320,1275.0,P008,S05,8,1645.51,2025-07-13
5321,553.0,P049,S04,4,438.16,2025-08-03
5322,195.0,P027,S03,9,3075.36,2026-02-14
5323,1288.0,P040,S01,2,532.25,2026-03-22
5324,1707.0,P095,S05,1,4991.24,2025-06-23
5325,1851.0,P100,S04,7,1840.74,2025-11-26
5326,1147.0,P086,S01,3,3280.79,2024-07-31
5327,775.0,P003,S04,4,3506.65,2025-01-20
5328,1110.0,P023,S01,2,4077.32,2025-07-18
5329,553.0,P020,S01,6,107.29,2025-06-12
5330,1646.0,P003,S01,1,1649.95,2024-07-18
5331,693.0,P076,S02,1,1546.05,2024-06-09
5332,1402.0,P022,S04,9,1898.82,2025-07-24
5333,67.0,P017,S04,9,4584.01,2025-03-05
5334,1145.0,P060,S05,6,1845.93,2024-11-09
5335,1030.0,P047,S05,3,4022.97,2025-03-11
5336,1520.0,P092,S02,1,2970.44,2024-09-15
5337,947.0,P004,S02,6,227.86,2024-12-14
5338,159.0,P029,S04,6,544.08,2025-01-05
5339,676.0,P052,S03,10,1392.45,2025-04-16
5340,70.0,P092,S02,8,4786.02,2024-08-09
5341,832.0,P054,S03,8,1548.29,2025-02-19
5342,461.0,P013,S05,6,2449.61,2025-01-08
5343,172.0,P049,S02,9,2782.51,2026-04-06
5344,812.0,P002,S02,8,2033.62,2025-02-10
5345,63.0,P092,S03,3,2613.89,2025-07-20
5346,460.0,P032,S05,9,2238.29,2024-08-12
5347,333.0,P057,S05,1,4339.1,2024-12-08
5348,1596.0,P061,S03,10,4928.74,2025-06-13
5349,1959.0,P036,S05,6,726.01,2026-04-14
5350,1988.0,P028,S01,9,2933.32,2024-08-30
5351,1178.0,P002,S05,2,2369.13,2026-02-27
5352,898.0,P033,S05,4,1038.24,2024-09-03
5353,1672.0,P096,S04,10,2158.9,2025-04-01
5354,580.0,P029,S05,10,4454.25,2025-12-09
5355,765.0,P079,S02,6,4364.28,2025-01-14
5356,1085.0,P052,S05,4,3241.82,2026-01-29
5357,376.0,P021,S01,4,845.83,2024-12-26
5358,1726.0,P042,S03,3,1436.82,2024-06-21
5359,125.0,P010,S02,2,3056.67,2025-08-06
5360,1359.0,P014,S05,2,2125.09,2025-09-28
5361,228.0,P090,S04,8,4590.03,2024-11-30
5362,1437.0,P056,S01,5,1819.86,2025-12-27
5363,482.0,P058,S01,7,590.14,2025-11-01
5364,950.0,P067,S03,9,2072.34,2025-11-20
5365,1510.0,P044,S04,4,1287.36,2025-05-12
5366,548.0,P040,S04,6,907.81,2025-04-01
5367,511.0,P077,S04,10,3588.62,2025-03-05
5368,95.0,P080,S04,2,2722.97,2025-09-30
5369,1633.0,P052,S03,1,465.51,2024-12-04
5370,1681.0,P050,S04,1,1379.14,2025-09-01
5371,1149.0,P088,S01,6,1206.54,2026-04-28
5372,98.0,P031,S04,3,3877.75,2026-05-15
5373,181.0,P071,S01,10,1036.24,2025-05-15
5374,1460.0,P076,S01,2,1526.31,2026-01-15
5375,1095.0,P010,S02,3,937.37,2024-07-24
5376,1288.0,P085,S02,2,3371.1,2026-01-15
5377,660.0,P053,S05,6,2563.53,2026-01-24
5378,1642.0,P097,S04,6,1732.82,2024-11-22
5379,1742.0,P062,S02,8,3257.6,2025-10-20
5380,997.0,P008,S03,2,3491.2,2024-09-26
5381,1320.0,P096,S03,5,2864.44,2024-12-05
5382,1910.0,P001,S01,5,2423.37,2025-10-23
5383,937.0,P028,S01,2,1994.32,2026-02-24
5384,1405.0,P079,S04,6,4019.47,2024-06-11
5385,65.0,P069,S02,8,1206.37,2024-10-19
5386,1058.0,P075,S02,1,4366.88,2025-09-30
5387,998.0,P006,S04,10,718.91,2026-03-02
5388,1111.0,P042,S03,6,2850.05,2025-12-08
5389,269.0,P050,S02,5,4476.25,2025-10-16
5390,841.0,P044,S04,4,4609.73,2024-08-15
5391,1920.0,P010,S03,9,4664.03,2025-06-07
5392,1316.0,P049,S05,5,1125.36,2026-04-11
5393,1957.0,P071,S01,4,4119.55,2025-11-03
5394,116.0,P092,S01,4,4081.18,2026-03-26
5395,1215.0,P035,S01,6,1619.92,2025-03-21
5396,1186.0,P020,S05,4,4239.35,2026-05-18
5397,294.0,P087,S03,10,1309.8,2026-05-12
5398,532.0,P031,S05,6,3853.74,2025-03-24
5399,295.0,P004,S05,5,3973.01,2024-08-08
5400,256.0,P051,S01,5,1381.26,2025-01-16
5401,554.0,P053,S04,6,3094.32,2025-02-01
5402,600.0,P052,S01,9,747.07,2025-08-22
5403,1200.0,P041,S02,6,1777.4,2024-08-24
5404,545.0,P020,S01,4,4341.97,2025-10-27
5405,1517.0,P060,S01,5,1040.68,2025-01-12
5406,600.0,P052,S04,2,2110.32,2025-10-11
5407,608.0,P034,S01,7,2607.45,2026-03-10
5408,831.0,P043,S01,6,371.08,2024-06-16
5409,323.0,P065,S04,10,1950.04,2025-12-17
5410,629.0,P043,S02,1,2503.47,2025-08-04
5411,446.0,P059,S02,4,1659.7,2025-02-17
5412,1910.0,P011,S02,6,1798.86,2026-05-16
5413,423.0,P090,S05,6,4072.77,2024-12-29
5414,1098.0,P072,S02,5,2745.68,2024-06-28
5415,861.0,P057,S05,1,3884.83,2024-12-12
5416,1056.0,P003,S05,4,3374.53,2025-06-28
5417,1405.0,P011,S03,9,2730.61,2026-05-26
5418,1176.0,P026,S01,1,4899.52,2025-12-12
5419,729.0,P009,S04,7,1004.57,2024-07-03
5420,1869.0,P073,S04,4,1040.0,2024-11-09
5421,272.0,P058,S02,10,4100.79,2026-03-07
5422,1526.0,P014,S03,7,539.94,2024-11-17
5423,721.0,P069,S04,10,2126.27,2024-11-30
5424,12.0,P054,S03,6,3373.19,2024-10-06
5425,134.0,P060,S04,6,554.87,2025-09-22
5426,737.0,P050,S03,1,1094.42,2025-01-21
5427,980.0,P036,S04,3,935.93,2026-01-27
5428,958.0,P084,S01,6,1230.65,2024-11-18
5429,525.0,P075,S04,1,4818.18,2025-10-11
5430,911.0,P021,S01,1,523.99,2025-07-17
5431,648.0,P083,S02,6,2031.99,2024-09-02
5432,1890.0,P045,S02,6,1277.92,2026-03-25
5433,1179.0,P009,S01,10,849.04,2025-01-16
5434,1823.0,P099,S02,2,117.09,2025-03-27
5435,1397.0,P093,S04,7,3604.61,2025-03-27
5436,1062.0,P079,S01,9,2354.66,2025-03-31
5437,1408.0,P029,S05,9,3326.02,2025-08-11
5438,505.0,P065,S01,8,1565.56,2024-11-28
5439,230.0,P060,S04,3,3979.06,2024-08-03
5440,854.0,P028,S02,2,2598.09,2025-05-01
5441,942.0,P021,S04,6,2901.8,2025-12-13
5442,1844.0,P071,S02,1,1500.82,2024-07-01
5443,1407.0,P002,S01,1,2558.99,2024-11-21
5444,245.0,P090,S05,9,1197.85,2025-12-11
5445,353.0,P047,S01,1,4076.69,2025-12-31
5446,200.0,P049,S03,2,619.98,2024-08-03
5447,450.0,P058,S03,6,4626.09,2026-03-07
5448,1675.0,P080,S02,8,3171.46,2025-12-01
5449,880.0,P055,S05,6,3192.7,2025-10-16
5450,1616.0,P024,S01,6,1603.84,2025-09-13
5451,1632.0,P025,S03,7,4654.79,2025-06-11
5452,283.0,P021,S02,1,3115.07,2024-10-15
5453,1030.0,P090,S05,9,4678.65,2026-06-07
5454,1121.0,P049,S03,2,2155.59,2025-04-14
5455,501.0,P095,S02,5,2507.12,2025-07-22
5456,174.0,P040,S03,8,523.7,2024-10-07
5457,529.0,P001,S05,5,2281.64,2026-03-09
5458,1634.0,P054,S03,5,1745.61,2025-09-16
5459,283.0,P082,S03,6,2203.62,2025-07-22
5460,1480.0,P083,S04,9,2493.14,2025-01-02
5461,966.0,P079,S03,9,112.94,2025-09-04
5462,1801.0,P077,S05,3,2857.95,2026-04-01
5463,1733.0,P035,S03,8,960.73,2025-04-04
5464,852.0,P046,S02,9,2873.34,2025-12-20
5465,57.0,P029,S01,4,1122.36,2025-03-05
5466,123.0,P086,S04,6,263.98,2024-12-21
5467,1699.0,P090,S04,6,565.78,2026-03-21
5468,1117.0,P017,S05,10,985.59,2025-01-17
5469,721.0,P087,S04,5,4922.66,2025-02-03
5470,46.0,P050,S02,3,428.41,2025-09-13
5471,1054.0,P070,S04,7,1093.45,2025-03-28
5472,1942.0,P075,S01,1,619.31,2024-10-08
5473,1605.0,P036,S05,10,519.84,2024-07-11
5474,571.0,P087,S02,9,1300.98,2024-06-12
5475,186.0,P045,S01,9,4943.29,2024-06-18
5476,1292.0,P028,S05,7,3673.64,2024-12-04
5477,1708.0,P097,S05,7,121.89,2025-01-29
5478,272.0,P017,S01,7,1389.4,2026-01-23
5479,928.0,P031,S05,8,601.97,2024-07-27
5480,363.0,P041,S03,1,2635.79,2024-07-03
5481,822.0,P086,S05,9,1993.85,2024-12-23
5482,1290.0,P062,S04,4,1189.69,2024-10-07
5483,1305.0,P019,S04,7,3010.48,2025-03-03
5484,344.0,P054,S02,9,2870.53,2025-05-26
5485,251.0,P070,S05,1,706.58,2024-09-12
5486,332.0,P040,S04,8,2702.45,2025-06-23
5487,353.0,P023,S05,5,1765.18,2026-04-03
5488,1657.0,P019,S02,1,3943.74,2025-09-08
5489,1960.0,P088,S02,9,4080.14,2026-03-07
5490,1531.0,P011,S01,10,1610.0,2025-07-23
5491,889.0,P079,S01,5,856.23,2025-01-21
5492,1364.0,P018,S01,3,378.45,2025-11-08
5493,1509.0,P015,S03,4,715.12,2025-01-22
5494,1652.0,P001,S01,5,1585.86,2025-01-05
5495,1174.0,P013,S01,2,4809.38,2025-11-09
5496,150.0,P007,S01,5,2058.94,2026-06-08
5497,137.0,P091,S05,5,263.93,2025-02-27
5498,1531.0,P018,S01,5,3263.43,2025-08-10
5499,1227.0,P014,S05,10,2799.41,2024-09-22
5500,1908.0,P085,S03,1,4788.6,2026-06-09
5501,908.0,P058,S05,6,2465.99,2024-08-26
5502,572.0,P003,S05,8,1245.39,2024-12-01
5503,1236.0,P061,S03,3,2962.76,2025-07-16
5504,1564.0,P091,S05,7,1149.75,2025-03-31
5505,557.0,P012,S04,6,4837.11,2026-01-18
5506,902.0,P023,S02,6,3875.45,2025-09-18
5507,1251.0,P052,S02,1,4929.36,2025-05-07
5508,1036.0,P073,S03,2,4861.58,2026-03-01
5509,1713.0,P040,S03,4,1269.09,2025-01-04
5510,1607.0,P038,S03,7,1152.07,2025-12-20
5511,1179.0,P042,S05,3,279.59,2024-07-10
5512,775.0,P017,S01,4,885.17,2026-01-06
5513,88.0,P079,S01,5,498.05,2024-10-12
5514,526.0,P071,S03,9,3093.58,2024-10-15
5515,1800.0,P032,S01,7,2689.57,2024-10-02
5516,1775.0,P063,S03,9,3856.45,2024-06-12
5517,1138.0,P017,S03,2,715.96,2026-01-09
5518,784.0,P024,S01,9,1020.48,2025-07-04
5519,1907.0,P070,S03,1,1240.85,2025-05-08
5520,606.0,P007,S04,7,2613.71,2025-09-11
5521,1239.0,P087,S03,10,1861.4,2024-09-09
5522,1766.0,P022,S04,1,2237.34,2024-07-08
5523,1099.0,P026,S02,8,3137.53,2025-02-27
5524,1497.0,P007,S03,1,3990.19,2024-06-20
5525,1772.0,P001,S04,9,2315.39,2025-04-02
5526,1504.0,P074,S02,8,641.1,2025-03-07
5527,1544.0,P002,S02,7,2782.24,2025-08-13
5528,1928.0,P047,S04,9,2067.67,2024-09-14
5529,757.0,P047,S02,4,845.69,2024-07-04
5530,580.0,P034,S02,1,3367.45,2024-08-26
5531,862.0,P077,S03,5,3433.97,2025-03-28
5532,1995.0,P011,S01,7,3526.87,2025-04-04
5533,463.0,P051,S02,6,4870.69,2025-02-01
5534,10.0,P004,S03,6,615.46,2026-04-21
5535,1659.0,P017,S05,10,1584.5,2025-09-23
5536,748.0,P004,S05,10,4053.53,2025-11-23
5537,744.0,P003,S02,2,3356.32,2024-11-14
5538,996.0,P085,S04,4,1708.39,2025-09-12
5539,878.0,P094,S05,5,161.99,2024-11-27
5540,1507.0,P012,S02,3,460.56,2025-07-04
5541,674.0,P037,S04,10,181.4,2024-08-05
5542,533.0,P070,S01,9,4325.61,2024-07-15
5543,194.0,P007,S03,4,4178.54,2024-11-05
5544,737.0,P032,S03,7,843.56,2025-04-28
5545,1555.0,P043,S04,6,3583.73,2024-08-07
5546,1922.0,P047,S01,4,3444.02,2025-11-17
5547,494.0,P084,S05,5,1043.69,2025-05-25
5548,969.0,P022,S05,5,495.14,2025-11-30
5549,765.0,P082,S02,4,915.27,2024-07-07
5550,6.0,P037,S01,10,1772.0,2024-10-24
5551,154.0,P084,S02,1,3241.86,2026-01-22
5552,563.0,P053,S04,8,4641.44,2026-04-11
5553,1880.0,P077,S02,3,762.29,2025-04-21
5554,1273.0,P084,S04,9,3068.15,2024-09-22
5555,1754.0,P092,S02,9,4332.63,2026-01-06
5556,1622.0,P085,S04,3,1125.81,2026-03-06
5557,1581.0,P032,S04,3,4667.43,2025-12-23
5558,1788.0,P095,S04,8,1937.07,2025-10-27
5559,865.0,P030,S03,2,3721.12,2024-10-25
5560,856.0,P042,S04,3,2708.83,2025-04-28
5561,876.0,P017,S04,9,884.24,2026-01-26
5562,277.0,P087,S01,2,2567.15,2024-08-26
5563,1114.0,P096,S05,6,658.35,2025-02-28
5564,1837.0,P045,S04,10,3095.16,2024-12-26
5565,1183.0,P085,S03,5,4179.54,2025-09-04
5566,854.0,P073,S03,5,3635.43,2026-02-25
5567,1555.0,P034,S01,9,2823.43,2026-05-16
5568,210.0,P020,S01,10,3059.8,2024-08-25
5569,624.0,P016,S04,10,1346.39,2025-05-22
5570,484.0,P017,S04,6,1134.39,2025-01-23
5571,1986.0,P080,S02,4,2245.56,2025-06-17
5572,1157.0,P078,S05,6,3915.18,2024-11-14
5573,744.0,P029,S04,1,4178.62,2025-12-18
5574,1480.0,P085,S05,1,4655.42,2026-03-24
5575,1897.0,P025,S05,7,253.12,2025-12-14
5576,225.0,P040,S01,3,407.61,2024-07-10
5577,1500.0,P058,S04,6,2880.73,2024-11-19
5578,262.0,P088,S01,1,882.97,2026-04-09
5579,954.0,P073,S05,4,3621.44,2026-04-18
5580,65.0,P055,S02,1,166.02,2025-07-19
5581,651.0,P076,S05,2,1383.57,2025-10-01
5582,1748.0,P098,S03,1,3234.86,2026-02-10
5583,307.0,P072,S02,8,3806.38,2025-07-25
5584,1418.0,P055,S02,2,1497.31,2024-08-02
5585,16.0,P054,S03,3,4109.17,2025-03-11
5586,1698.0,P085,S05,6,3114.7,2024-09-09
5587,594.0,P013,S01,4,1028.74,2025-10-24
5588,291.0,P044,S02,8,2751.05,2025-04-16
5589,1541.0,P056,S05,9,1699.85,2026-05-02
5590,639.0,P087,S02,4,1352.54,2025-12-10
5591,243.0,P067,S03,2,4581.81,2025-11-02
5592,1491.0,P091,S04,10,1296.36,2025-04-11
5593,228.0,P054,S04,4,3583.34,2024-06-21
5594,1079.0,P093,S04,1,1557.56,2024-12-21
5595,683.0,P086,S03,1,2092.52,2026-01-03
5596,1679.0,P078,S04,9,2067.19,2025-02-20
5597,1642.0,P021,S03,9,3487.23,2025-09-29
5598,1730.0,P034,S05,3,4480.3,2025-01-28
5599,944.0,P045,S03,4,1076.51,2025-12-17
5600,615.0,P057,S03,2,3003.06,2025-07-24
5601,508.0,P072,S04,3,4327.19,2026-05-29
5602,1811.0,P099,S05,8,3806.58,2025-12-15
5603,1437.0,P007,S02,10,2194.77,2025-07-30
5604,1979.0,P046,S03,7,3658.44,2025-04-04
5605,1427.0,P068,S02,3,4346.66,2024-08-26
5606,159.0,P084,S03,8,166.36,2025-03-09
5607,923.0,P033,S04,10,3864.62,2024-12-20
5608,1943.0,P095,S02,2,909.36,2025-08-09
5609,596.0,P021,S02,4,3027.24,2025-10-10
5610,1256.0,P018,S05,7,2219.87,2025-11-13
5611,315.0,P010,S05,1,1102.79,2024-11-01
5612,1165.0,P081,S02,2,1481.76,2025-01-16
5613,72.0,P099,S03,2,3709.96,2024-11-06
5614,406.0,P013,S03,3,4219.14,2025-11-03
5615,437.0,P001,S05,3,4744.66,2024-09-23
5616,375.0,P080,S05,3,2710.08,2026-05-29
5617,431.0,P085,S02,3,1984.65,2025-03-17
5618,50.0,P010,S01,1,730.07,2025-08-19
5619,388.0,P018,S03,8,3736.86,2024-09-22
5620,1198.0,P024,S05,3,2311.35,2026-04-05
5621,1804.0,P064,S05,4,3909.51,2025-10-23
5622,528.0,P058,S02,9,4998.46,2025-03-12
5623,704.0,P070,S02,8,3252.1,2025-08-10
5624,1275.0,P003,S03,1,150.85,2025-01-25
5625,1889.0,P068,S05,7,1407.09,2024-12-28
5626,965.0,P097,S04,9,4364.24,2024-08-27
5627,1856.0,P064,S03,3,739.27,2025-11-10
5628,1900.0,P004,S02,4,262.92,2025-02-21
5629,958.0,P003,S03,8,4672.93,2025-11-11
5630,388.0,P092,S01,3,1656.0,2025-03-21
5631,990.0,P054,S02,3,4506.17,2025-08-10
5632,1207.0,P010,S04,3,961.29,2025-08-09
5633,1587.0,P046,S04,1,2425.74,2025-02-19
5634,102.0,P004,S05,8,1985.56,2024-09-28
5635,604.0,P080,S05,3,1541.99,2025-03-31
5636,332.0,P010,S05,9,2817.49,2026-03-15
5637,1756.0,P034,S02,6,2707.63,2025-07-17
5638,725.0,P003,S01,5,3709.9,2024-11-22
5639,1216.0,P032,S05,5,251.54,2026-05-11
5640,734.0,P093,S03,1,436.96,2025-04-25
5641,750.0,P071,S03,4,4494.74,2025-10-22
5642,1590.0,P046,S04,4,4047.42,2025-01-18
5643,907.0,P047,S03,5,4650.33,2024-10-27
5644,1575.0,P050,S05,5,3179.65,2026-01-29
5645,1511.0,P082,S01,7,182.27,2024-11-21
5646,352.0,P094,S02,2,1501.59,2024-07-23
5647,1551.0,P030,S02,6,3917.14,2025-11-12
5648,1865.0,P028,S04,1,1254.51,2024-08-14
5649,739.0,P086,S02,8,1174.72,2026-05-06
5650,108.0,P077,S04,1,3135.42,2025-01-05
5651,514.0,P087,S02,6,3974.41,2024-10-20
5652,287.0,P043,S02,8,4861.19,2025-12-05
5653,1864.0,P045,S03,4,2352.9,2025-12-23
5654,679.0,P070,S03,4,1897.01,2024-07-26
5655,1932.0,P093,S05,5,3936.74,2025-05-21
5656,1752.0,P080,S04,10,3075.55,2025-04-08
5657,637.0,P042,S02,3,1568.12,2025-01-26
5658,767.0,P060,S01,3,2670.84,2025-04-20
5659,22.0,P042,S05,8,4082.02,2025-06-10
5660,1997.0,P006,S05,6,1425.8,2026-05-11
5661,699.0,P092,S01,9,4759.14,2026-06-07
5662,1217.0,P072,S03,1,2816.63,2025-06-15
5663,610.0,P074,S05,3,2797.59,2024-11-22
5664,388.0,P080,S05,4,3313.21,2025-09-04
5665,1762.0,P079,S01,1,2204.59,2025-01-29
5666,1051.0,P063,S05,7,1931.44,2025-08-04
5667,1538.0,P097,S02,8,718.16,2025-03-01
5668,1074.0,P048,S03,2,2101.86,2025-08-18
5669,730.0,P029,S04,5,3946.87,2026-03-31
5670,1005.0,P100,S04,1,1436.35,2025-12-29
5671,375.0,P093,S01,7,4298.78,2025-06-04
5672,1575.0,P094,S04,2,3359.16,2025-12-15
5673,885.0,P097,S04,1,4249.72,2026-06-06
5674,339.0,P041,S03,3,3139.44,2024-08-15
5675,1983.0,P038,S01,3,4577.63,2025-10-04
5676,1190.0,P087,S05,6,2235.83,2024-07-31
5677,1569.0,P082,S01,1,4240.5,2025-04-29
5678,859.0,P085,S04,1,4956.43,2025-10-27
5679,224.0,P027,S04,6,1880.19,2024-09-21
5680,1378.0,P005,S03,7,3707.35,2025-04-06
5681,516.0,P071,S01,3,3877.15,2025-06-13
5682,273.0,P017,S01,9,4094.42,2025-03-01
5683,900.0,P080,S04,3,316.18,2025-09-23
5684,678.0,P042,S03,7,583.21,2025-07-26
5685,176.0,P069,S05,6,4083.55,2026-01-23
5686,927.0,P070,S04,5,3098.0,2025-04-13
5687,1937.0,P020,S01,6,3659.08,2025-01-16
5688,802.0,P018,S01,10,3386.31,2024-06-17
5689,1546.0,P028,S02,3,4472.18,2026-04-01
5690,148.0,P084,S02,1,4000.86,2026-02-10
5691,322.0,P022,S03,3,319.95,2026-05-27
5692,691.0,P005,S02,8,4678.22,2024-12-25
5693,280.0,P023,S05,2,3772.19,2024-06-25
5694,1478.0,P041,S01,1,3391.21,2024-08-16
5695,248.0,P095,S03,8,2056.51,2026-04-26
5696,932.0,P001,S05,10,3836.14,2026-02-14
5697,1874.0,P010,S05,6,1748.59,2024-08-28
5698,97.0,P045,S02,6,2122.52,2025-03-18
5699,505.0,P009,S03,8,367.31,2025-09-28
5700,1923.0,P035,S05,10,327.64,2026-02-09
5701,904.0,P020,S04,9,3494.25,2024-08-28
5702,1721.0,P090,S03,9,3387.18,2024-09-15
5703,86.0,P072,S02,1,3914.8,2025-07-14
5704,675.0,P046,S03,3,3041.52,2026-01-05
5705,1811.0,P072,S04,1,4637.28,2026-05-13
5706,1550.0,P096,S05,8,3880.26,2025-01-28
5707,1882.0,P071,S01,10,4426.52,2026-02-10
5708,827.0,P089,S03,10,1892.57,2026-05-16
5709,229.0,P037,S05,4,1293.18,2026-04-25
5710,1908.0,P070,S02,9,3870.17,2025-09-07
5711,690.0,P090,S01,9,2792.78,2025-11-02
5712,208.0,P084,S05,5,176.26,2024-07-14
5713,1398.0,P016,S01,4,2157.34,2024-11-26
5714,1916.0,P048,S02,3,3285.16,2026-04-04
5715,1845.0,P051,S04,7,2506.33,2024-07-03
5716,866.0,P067,S03,8,4668.42,2025-07-18
5717,1040.0,P032,S05,1,2247.87,2024-07-07
5718,856.0,P040,S02,6,4708.25,2025-01-17
5719,1037.0,P037,S05,10,2631.14,2026-02-06
5720,1881.0,P004,S03,2,2940.29,2024-06-20
5721,574.0,P080,S01,9,4736.27,2026-02-27
5722,915.0,P078,S02,5,4016.54,2025-12-09
5723,1217.0,P019,S05,6,100.09,2026-03-03
5724,1802.0,P086,S02,2,3669.78,2025-06-11
5725,293.0,P004,S05,10,4365.25,2025-10-13
5726,909.0,P032,S01,7,4166.52,2025-11-02
5727,509.0,P046,S01,2,3196.3,2024-12-03
5728,163.0,P083,S02,5,3667.37,2024-08-20
5729,1291.0,P035,S03,6,3581.78,2025-01-16
5730,638.0,P077,S04,6,762.0,2024-12-18
5731,1011.0,P031,S04,7,1215.34,2024-07-09
5732,900.0,P083,S01,5,2937.4,2025-11-12
5733,1615.0,P091,S02,10,2556.76,2024-07-10
5734,1051.0,P073,S01,1,1306.45,2024-11-24
5735,185.0,P006,S01,7,4915.24,2024-10-05
5736,944.0,P016,S05,10,3092.93,2025-12-04
5737,585.0,P085,S01,3,2020.97,2025-11-11
5738,351.0,P027,S04,6,258.46,2025-03-31
5739,562.0,P054,S05,1,4096.36,2025-08-30
5740,98.0,P088,S01,10,3768.43,2024-08-27
5741,1237.0,P016,S05,8,2482.52,2026-04-15
5742,1303.0,P031,S03,3,2886.22,2026-04-05
5743,124.0,P099,S02,1,482.26,2025-07-02
5744,1261.0,P057,S05,9,3623.57,2025-10-29
5745,410.0,P045,S03,6,2536.83,2025-07-17
5746,1807.0,P066,S01,4,4142.19,2025-08-23
5747,139.0,P064,S01,8,1219.45,2025-03-05
5748,398.0,P019,S03,5,1844.01,2026-05-28
5749,1559.0,P029,S05,10,3112.11,2026-06-09
5750,222.0,P011,S01,9,2159.43,2026-01-18
5751,1718.0,P085,S03,9,4419.65,2025-03-05
5752,1403.0,P009,S05,2,3611.17,2025-10-21
5753,710.0,P085,S05,9,3431.27,2025-12-20
5754,1781.0,P067,S05,3,2920.73,2025-09-09
5755,842.0,P094,S04,9,526.58,2025-08-29
5756,1960.0,P004,S02,1,3371.77,2025-08-16
5757,1033.0,P048,S01,7,3972.15,2024-12-13
5758,1088.0,P064,S01,6,2463.31,2025-10-15
5759,1905.0,P040,S02,5,4783.56,2026-04-03
5760,1444.0,P036,S03,6,3900.59,2026-05-03
5761,1753.0,P098,S03,8,4773.1,2026-04-09
5762,1671.0,P093,S03,5,4281.75,2026-01-23
5763,1216.0,P072,S04,3,4749.53,2026-05-09
5764,1795.0,P094,S03,6,1111.14,2024-12-09
5765,1878.0,P062,S05,2,4998.15,2024-11-13
5766,695.0,P025,S02,6,456.55,2025-06-01
5767,821.0,P016,S05,10,3123.99,2024-07-29
5768,557.0,P031,S02,1,2090.41,2025-12-12
5769,256.0,P046,S03,1,1193.38,2024-12-10
5770,86.0,P017,S03,10,2283.02,2025-10-30
5771,1475.0,P056,S03,7,3171.03,2024-06-11
5772,573.0,P049,S04,2,3494.43,2024-11-03
5773,1269.0,P021,S03,2,1728.57,2026-06-09
5774,941.0,P049,S04,5,2584.14,2025-05-05
5775,663.0,P050,S04,2,4037.18,2025-06-27
5776,87.0,P034,S02,1,4076.24,2025-10-15
5777,1252.0,P035,S01,10,1936.55,2024-12-25
5778,294.0,P021,S01,4,709.69,2026-05-29
5779,211.0,P080,S05,5,315.65,2025-12-10
5780,874.0,P064,S01,5,2774.62,2025-01-16
5781,1727.0,P006,S05,8,3906.46,2025-03-18
5782,1099.0,P095,S05,6,693.31,2024-10-11
5783,1134.0,P022,S01,8,2782.33,2024-07-31
5784,1024.0,P098,S04,5,728.13,2026-04-28
5785,1996.0,P050,S02,3,4510.62,2024-09-27
5786,1244.0,P094,S01,3,1647.17,2026-06-08
5787,1589.0,P088,S05,8,2459.52,2025-06-05
5788,1441.0,P088,S01,5,2228.37,2024-11-27
5789,1824.0,P031,S01,4,4088.64,2024-06-17
5790,1152.0,P013,S01,3,3172.48,2026-03-26
5791,1882.0,P005,S04,4,4602.69,2026-04-10
5792,800.0,P025,S03,8,3700.59,2024-06-14
5793,974.0,P033,S04,8,1744.59,2024-08-19
5794,1337.0,P009,S04,7,1400.22,2024-08-25
5795,1863.0,P040,S05,8,2557.1,2024-09-17
5796,1954.0,P031,S04,4,3715.33,2026-02-06
5797,270.0,P033,S05,10,2745.72,2025-06-28
5798,1573.0,P085,S02,10,113.58,2024-11-28
5799,665.0,P057,S03,1,2296.63,2025-01-27
5800,35.0,P019,S01,1,749.46,2025-10-15
5801,65.0,P090,S01,3,495.18,2026-05-15
5802,813.0,P100,S02,10,4574.57,2024-09-19
5803,326.0,P048,S04,4,2839.01,2024-08-05
5804,1968.0,P082,S02,1,4954.46,2026-03-28
5805,234.0,P100,S01,5,481.26,2026-02-03
5806,1713.0,P037,S04,4,629.56,2026-06-04
5807,1663.0,P021,S03,5,3566.51,2025-03-28
5808,1087.0,P045,S01,3,4599.88,2024-11-02
5809,178.0,P050,S03,1,136.14,2026-04-06
5810,1350.0,P001,S05,5,4558.4,2025-02-04
5811,608.0,P031,S03,3,2945.41,2026-02-15
5812,1582.0,P079,S05,1,283.08,2025-08-01
5813,1682.0,P052,S01,5,890.73,2025-06-27
5814,1539.0,P040,S02,9,2687.53,2026-03-06
5815,789.0,P078,S02,2,3560.13,2025-02-14
5816,1695.0,P061,S03,1,3194.81,2025-12-05
5817,1311.0,P085,S04,1,4056.15,2025-04-22
5818,284.0,P096,S04,5,4468.18,2024-08-02
5819,193.0,P032,S02,3,333.73,2025-10-20
5820,1938.0,P082,S02,9,1875.11,2025-01-27
5821,99.0,P100,S02,5,1276.07,2025-05-29
5822,616.0,P022,S04,2,657.89,2025-10-08
5823,1408.0,P071,S02,1,3757.85,2025-12-19
5824,1691.0,P088,S02,4,4586.22,2025-09-17
5825,1699.0,P052,S04,5,190.34,2025-09-20
5826,659.0,P076,S05,6,1372.47,2025-11-17
5827,896.0,P050,S04,5,3682.35,2025-06-08
5828,1270.0,P044,S03,3,3478.07,2025-12-26
5829,1305.0,P073,S03,8,1389.67,2025-04-01
5830,408.0,P069,S01,2,4898.08,2025-08-12
5831,1234.0,P093,S04,6,415.15,2024-07-29
5832,342.0,P011,S01,7,2503.15,2025-10-03
5833,1091.0,P027,S02,10,2361.27,2024-10-24
5834,491.0,P068,S04,5,171.59,2024-08-16
5835,1546.0,P077,S03,3,1321.8,2025-06-23
5836,1610.0,P026,S01,10,3887.49,2026-03-02
5837,68.0,P018,S01,10,2392.65,2025-04-25
5838,1119.0,P012,S03,1,1282.09,2024-06-19
5839,54.0,P014,S02,5,365.5,2024-12-14
5840,449.0,P006,S01,7,514.07,2025-01-05
5841,1259.0,P037,S01,10,2131.88,2026-05-07
5842,588.0,P099,S03,6,2958.5,2026-01-02
5843,1056.0,P016,S03,3,2008.79,2025-01-13
5844,1227.0,P008,S05,5,3541.49,2026-03-06
5845,655.0,P030,S02,6,1482.87,2025-10-25
5846,1019.0,P064,S04,4,310.85,2025-05-21
5847,329.0,P084,S02,1,1296.17,2026-04-10
5848,986.0,P094,S04,3,3145.58,2026-06-02
5849,400.0,P047,S01,3,3113.67,2025-06-29
5850,1723.0,P021,S05,9,1562.85,2024-10-15
5851,758.0,P073,S05,10,1305.54,2024-11-01
5852,1167.0,P069,S05,4,2596.99,2024-09-03
5853,1439.0,P002,S01,8,165.89,2024-12-23
5854,1365.0,P033,S01,2,1913.1,2025-04-29
5855,728.0,P070,S02,2,1978.59,2024-09-05
5856,341.0,P068,S04,2,2721.39,2026-03-03
5857,1024.0,P037,S01,9,2658.65,2025-08-22
5858,1251.0,P095,S02,5,2203.66,2025-02-24
5859,1114.0,P075,S04,6,851.88,2025-11-05
5860,1951.0,P050,S05,1,3280.46,2026-04-08
5861,1626.0,P100,S01,10,4061.29,2025-05-16
5862,119.0,P070,S04,2,4871.95,2025-01-20
5863,831.0,P084,S04,9,3945.1,2024-10-24
5864,1812.0,P050,S02,3,3566.85,2026-02-01
5865,1622.0,P007,S05,8,2476.35,2025-07-11
5866,1978.0,P017,S05,7,2389.87,2024-12-23
5867,1396.0,P052,S05,3,4606.76,2025-06-07
5868,629.0,P063,S01,3,3673.91,2026-02-07
5869,1270.0,P069,S04,10,4606.67,2025-06-07
5870,1102.0,P047,S04,4,4225.66,2024-10-02
5871,1551.0,P093,S03,1,1900.64,2026-03-15
5872,663.0,P010,S01,1,837.99,2024-12-30
5873,1013.0,P026,S04,5,4471.85,2024-06-20
5874,1823.0,P099,S02,6,123.43,2026-02-05
5875,1811.0,P061,S02,2,331.85,2025-11-08
5876,1141.0,P071,S05,5,299.84,2024-09-15
5877,561.0,P049,S05,6,826.96,2025-08-25
5878,1203.0,P089,S04,6,2819.15,2025-11-28
5879,1889.0,P045,S05,4,1160.03,2025-01-20
5880,130.0,P012,S05,1,2095.72,2025-09-03
5881,1314.0,P046,S05,10,2345.02,2026-03-27
5882,595.0,P029,S04,2,1833.22,2026-04-04
5883,1042.0,P040,S02,10,2037.17,2025-03-11
5884,1511.0,P062,S01,7,2481.95,2025-09-27
5885,1243.0,P078,S04,4,2156.23,2025-04-14
5886,580.0,P098,S02,1,1589.97,2025-02-01
5887,24.0,P040,S01,6,1656.56,2025-04-06
5888,1855.0,P044,S05,1,212.79,2024-11-12
5889,1806.0,P040,S01,1,2367.42,2026-02-13
5890,1723.0,P056,S04,8,1523.52,2026-04-14
5891,1979.0,P037,S05,3,4871.93,2026-01-11
5892,81.0,P100,S03,3,1336.77,2024-09-11
5893,1067.0,P033,S01,7,1622.52,2026-06-01
5894,721.0,P033,S02,3,884.44,2025-12-02
5895,1208.0,P066,S04,10,4305.05,2025-08-31
5896,478.0,P084,S02,8,2839.47,2024-10-10
5897,1484.0,P012,S05,9,1097.26,2026-01-16
5898,528.0,P089,S02,3,2407.82,2025-05-18
5899,1563.0,P003,S03,8,3521.7,2026-05-25
5900,86.0,P071,S04,7,3632.84,2024-10-24
5901,714.0,P100,S02,6,4316.09,2024-08-04
5902,682.0,P049,S02,10,4845.1,2025-03-08
5903,1472.0,P100,S01,3,1761.67,2024-10-02
5904,122.0,P029,S02,10,3804.04,2024-06-27
5905,1840.0,P041,S05,8,3756.97,2024-10-01
5906,208.0,P021,S05,9,1291.0,2025-03-30
5907,36.0,P008,S01,3,1400.73,2024-11-23
5908,804.0,P069,S03,8,2316.14,2025-09-21
5909,257.0,P030,S02,5,1961.86,2026-01-10
5910,834.0,P047,S04,2,2232.74,2026-01-10
5911,1908.0,P015,S03,1,2669.7,2025-01-16
5912,1382.0,P035,S04,8,4043.96,2024-07-13
5913,987.0,P076,S01,7,838.6,2026-04-29
5914,839.0,P086,S04,5,3016.91,2025-10-18
5915,1532.0,P018,S02,9,1109.1,2026-04-24
5916,1956.0,P094,S01,1,4260.04,2026-05-08
5917,128.0,P008,S05,6,4700.56,2024-11-30
5918,1836.0,P078,S01,1,1154.64,2025-12-19
5919,968.0,P054,S04,5,4383.7,2024-07-03
5920,1037.0,P041,S04,5,3088.35,2026-01-16
5921,1198.0,P098,S02,6,490.28,2025-09-29
5922,1354.0,P092,S03,8,2634.72,2024-11-25
5923,370.0,P062,S05,9,2565.68,2024-08-25
5924,1769.0,P001,S01,7,2392.35,2026-05-10
5925,1024.0,P046,S03,3,1720.3,2024-09-03
5926,1193.0,P036,S05,5,3032.23,2024-10-12
5927,1388.0,P091,S04,5,3493.61,2026-05-02
5928,819.0,P057,S05,3,3763.1,2025-07-11
5929,1492.0,P003,S02,4,4747.25,2025-12-30
5930,605.0,P077,S01,2,2952.72,2024-07-01
5931,556.0,P020,S02,7,3568.0,2025-10-21
5932,626.0,P047,S03,5,4279.51,2025-02-11
5933,1144.0,P054,S01,4,4867.93,2025-05-10
5934,1835.0,P048,S02,9,3070.88,2025-10-01
5935,1569.0,P040,S03,9,3860.81,2024-09-02
5936,120.0,P014,S05,3,3893.24,2024-11-05
5937,308.0,P009,S02,1,205.65,2024-07-31
5938,1140.0,P084,S05,1,1595.15,2025-07-13
5939,726.0,P035,S05,5,402.07,2025-03-24
5940,1630.0,P078,S05,8,2906.56,2025-06-15
5941,536.0,P045,S04,6,1042.44,2025-10-03
5942,1239.0,P004,S04,6,2577.38,2025-03-16
5943,457.0,P020,S01,8,2066.88,2025-01-21
5944,809.0,P065,S05,10,3145.72,2026-05-08
5945,649.0,P085,S01,1,2799.29,2025-01-06
5946,1670.0,P061,S05,3,4423.99,2025-06-21
5947,816.0,P038,S01,6,2736.79,2026-05-22
5948,1186.0,P010,S04,2,3739.81,2025-10-08
5949,1150.0,P087,S05,2,2336.87,2025-01-29
5950,1673.0,P003,S05,1,4188.31,2024-06-17
5951,467.0,P055,S05,2,813.33,2024-06-25
5952,1703.0,P056,S02,1,3410.31,2025-08-02
5953,850.0,P047,S01,2,2280.6,2025-04-10
5954,1121.0,P065,S04,9,2162.61,2025-02-22
5955,89.0,P026,S01,7,4510.92,2025-12-12
5956,1663.0,P059,S02,6,2376.17,2024-09-16
5957,60.0,P089,S03,3,2856.75,2025-04-14
5958,142.0,P003,S03,3,1556.9,2025-02-08
5959,1260.0,P025,S04,7,3189.34,2024-11-12
5960,857.0,P036,S03,10,265.11,2026-05-17
5961,336.0,P015,S03,6,4066.39,2025-04-06
5962,1119.0,P046,S05,7,3380.72,2024-06-16
5963,659.0,P004,S05,4,3791.62,2025-01-09
5964,31.0,P037,S03,8,2324.47,2025-09-13
5965,1246.0,P055,S02,3,751.41,2024-06-21
5966,1108.0,P074,S02,2,3985.25,2024-10-18
5967,1488.0,P098,S02,5,4273.42,2025-10-13
5968,1455.0,P073,S05,4,3976.46,2025-06-15
5969,347.0,P093,S03,10,1172.85,2024-09-16
5970,774.0,P063,S05,6,711.96,2025-08-04
5971,1645.0,P077,S04,6,4254.26,2026-06-01
5972,1604.0,P028,S05,7,3359.48,2026-04-30
5973,1374.0,P073,S02,2,4763.24,2025-12-02
5974,476.0,P019,S03,8,1727.86,2024-08-19
5975,864.0,P029,S03,10,3237.07,2025-12-23
5976,861.0,P048,S04,6,1065.88,2024-12-22
5977,307.0,P094,S03,2,3874.8,2025-04-14
5978,767.0,P044,S05,9,316.47,2024-07-19
5979,794.0,P019,S03,3,2576.7,2025-07-25
5980,176.0,P066,S02,5,1081.4,2026-03-21
5981,153.0,P100,S02,4,3946.06,2026-05-28
5982,1464.0,P016,S05,5,4052.08,2025-10-16
5983,413.0,P097,S05,5,4488.61,2025-02-14
5984,1577.0,P036,S05,6,564.91,2025-12-30
5985,773.0,P048,S01,6,4841.05,2024-07-18
5986,1821.0,P084,S01,1,2261.25,2025-06-23
5987,1871.0,P048,S04,8,930.51,2025-04-28
5988,701.0,P057,S02,1,3697.01,2025-01-18
5989,1314.0,P013,S05,4,1936.53,2026-01-29
5990,781.0,P045,S01,2,1625.96,2025-07-13
5991,372.0,P003,S04,6,4043.68,2025-05-29
5992,1238.0,P099,S01,6,2494.15,2026-04-07
5993,23.0,P039,S04,10,1411.32,2025-08-07
5994,1445.0,P033,S01,6,128.53,2026-03-10
5995,1011.0,P019,S05,10,4009.05,2024-07-18
5996,1623.0,P008,S01,8,1655.17,2026-05-21
5997,296.0,P003,S03,3,4696.71,2024-07-23
5998,1668.0,P014,S02,5,2648.4,2024-09-19
5999,436.0,P063,S04,2,3412.01,2025-08-24
6000,1703.0,P058,S05,4,2006.24,2025-12-14
6001,1676.0,P080,S02,1,3912.43,2025-06-28
6002,480.0,P091,S05,9,271.6,2025-11-27
6003,518.0,P015,S02,3,3326.84,2025-02-13
6004,1399.0,P096,S05,6,2388.03,2025-03-03
6005,1723.0,P036,S05,4,2914.97,2024-07-25
6006,431.0,P049,S02,9,3856.33,2026-03-17
6007,77.0,P013,S03,1,3388.0,2024-07-31
6008,1984.0,P004,S02,1,1931.62,2024-08-27
6009,1339.0,P089,S04,9,2178.46,2025-01-01
6010,358.0,P006,S01,6,3901.82,2025-09-10
6011,1563.0,P036,S03,2,2076.55,2024-06-12
6012,1817.0,P043,S01,5,4362.58,2026-03-16
6013,648.0,P024,S02,1,396.8,2026-04-03
6014,877.0,P033,S04,4,3745.47,2024-08-04
6015,1465.0,P032,S02,2,4454.92,2025-07-12
6016,1715.0,P084,S02,9,4183.21,2025-11-02
6017,519.0,P054,S03,10,4058.25,2025-03-27
6018,1518.0,P051,S05,10,2886.42,2025-12-25
6019,1278.0,P065,S01,9,3302.41,2026-03-23
6020,196.0,P100,S01,2,4260.59,2025-04-25
6021,920.0,P020,S01,8,1243.35,2026-02-17
6022,1081.0,P055,S01,8,2298.29,2024-08-06
6023,1287.0,P059,S03,4,2223.31,2026-03-26
6024,1420.0,P048,S05,6,2002.3,2025-03-23
6025,737.0,P085,S05,2,4392.25,2025-02-26
6026,143.0,P020,S02,3,2014.12,2026-01-01
6027,1088.0,P010,S02,10,3188.22,2025-08-26
6028,719.0,P090,S02,8,500.32,2024-10-19
6029,1898.0,P076,S01,1,4647.14,2024-12-10
6030,1785.0,P070,S01,1,2661.94,2026-04-10
6031,255.0,P042,S01,4,4981.8,2025-09-25
6032,136.0,P094,S04,6,1190.64,2025-11-30
6033,1965.0,P067,S05,9,3497.8,2024-10-05
6034,1311.0,P091,S03,7,2714.8,2025-07-19
6035,1030.0,P044,S01,5,3017.63,2024-08-31
6036,117.0,P086,S04,3,4474.94,2024-11-25
6037,78.0,P096,S01,8,1818.31,2026-02-03
6038,1061.0,P006,S05,10,2359.91,2025-12-13
6039,769.0,P069,S01,8,2891.99,2026-02-13
6040,1879.0,P094,S01,4,4216.4,2025-11-11
6041,1887.0,P077,S03,4,3602.82,2024-08-30
6042,1377.0,P021,S02,9,3315.99,2025-12-25
6043,1769.0,P100,S01,8,561.36,2025-12-25
6044,25.0,P020,S04,6,3882.45,2025-03-24
6045,1367.0,P080,S03,4,209.29,2026-03-26
6046,470.0,P033,S02,5,1710.69,2024-11-02
6047,1832.0,P071,S04,4,888.8,2026-02-18
6048,1019.0,P056,S04,7,2606.91,2025-12-03
6049,1449.0,P099,S02,9,4981.69,2024-11-25
6050,1393.0,P009,S04,2,1255.91,2026-05-25
6051,1226.0,P043,S04,8,915.17,2025-04-26
6052,1531.0,P058,S05,9,1498.44,2025-06-05
6053,163.0,P059,S02,4,3815.22,2024-06-16
6054,993.0,P059,S05,6,922.67,2026-01-13
6055,182.0,P060,S03,8,2574.89,2024-06-14
6056,1089.0,P039,S01,9,1424.48,2024-07-04
6057,416.0,P084,S03,1,2265.94,2026-04-22
6058,975.0,P093,S03,2,4562.96,2025-05-26
6059,365.0,P091,S04,5,4321.28,2026-01-20
6060,446.0,P073,S02,7,3491.41,2025-09-20
6061,401.0,P021,S03,7,4155.96,2026-02-06
6062,513.0,P044,S04,7,4446.85,2025-10-14
6063,73.0,P007,S04,8,750.54,2025-06-02
6064,64.0,P085,S03,2,4012.52,2025-01-19
6065,1321.0,P020,S03,2,213.34,2024-08-15
6066,1414.0,P040,S04,10,921.74,2025-06-06
6067,1443.0,P036,S03,8,2362.6,2025-07-04
6068,802.0,P019,S02,8,2638.07,2025-01-02
6069,1204.0,P014,S03,4,3117.4,2025-07-04
6070,1803.0,P003,S02,10,3512.87,2026-03-10
6071,656.0,P066,S04,10,1345.14,2025-09-06
6072,409.0,P094,S01,1,2979.49,2024-09-10
6073,1202.0,P007,S04,9,2188.75,2025-07-20
6074,1780.0,P029,S04,1,3843.83,2025-09-11
6075,1.0,P094,S05,10,2521.52,2026-03-03
6076,587.0,P067,S04,4,939.53,2024-12-11
6077,1103.0,P020,S03,1,3189.43,2025-12-14
6078,782.0,P099,S05,3,1041.17,2025-01-20
6079,1449.0,P030,S01,9,4099.41,2024-06-18
6080,193.0,P093,S01,3,3305.17,2025-02-05
6081,1422.0,P033,S02,8,1622.53,2024-10-08
6082,86.0,P059,S01,2,2150.31,2025-01-28
6083,340.0,P024,S04,8,4265.41,2025-06-21
6084,1031.0,P005,S05,5,1951.83,2025-12-16
6085,1598.0,P098,S03,10,1669.43,2025-07-27
6086,546.0,P014,S04,4,4388.97,2024-09-14
6087,1593.0,P093,S01,10,2023.53,2024-10-15
6088,1422.0,P048,S01,10,3961.97,2024-11-29
6089,1035.0,P067,S01,4,298.43,2024-09-04
6090,1942.0,P098,S03,7,4261.95,2026-04-16
6091,98.0,P034,S03,2,4288.8,2025-10-25
6092,205.0,P007,S05,9,4758.32,2025-07-08
6093,1481.0,P029,S05,1,3107.52,2025-04-04
6094,265.0,P046,S04,1,4407.67,2026-01-14
6095,812.0,P032,S01,8,302.63,2024-12-18
6096,618.0,P041,S01,3,735.03,2025-12-21
6097,709.0,P055,S03,8,3917.68,2026-04-11
6098,1326.0,P025,S04,4,3784.21,2025-05-15
6099,1809.0,P076,S03,5,2408.83,2024-12-29
6100,340.0,P013,S05,8,3446.24,2026-03-02
6101,1366.0,P090,S02,2,4212.86,2025-01-09
6102,761.0,P094,S05,2,3824.99,2025-08-31
6103,1574.0,P099,S05,7,3427.86,2025-09-27
6104,936.0,P096,S04,9,2134.54,2025-03-13
6105,1562.0,P048,S02,7,2269.21,2024-11-05
6106,513.0,P008,S02,2,4627.76,2024-11-18
6107,96.0,P073,S01,6,4257.65,2025-09-08
6108,517.0,P007,S05,5,3848.44,2025-10-07
6109,145.0,P001,S01,7,636.51,2024-08-14
6110,793.0,P066,S01,4,356.22,2024-09-30
6111,782.0,P042,S04,1,1851.85,2026-01-28
6112,1807.0,P100,S03,4,1956.41,2025-09-05
6113,1278.0,P052,S05,7,1440.25,2024-12-13
6114,1603.0,P063,S05,1,2030.43,2025-11-07
6115,1101.0,P026,S03,2,3537.35,2025-09-20
6116,1998.0,P001,S02,4,426.09,2026-03-23
6117,666.0,P018,S05,5,3010.8,2026-03-06
6118,151.0,P008,S05,5,4772.57,2025-06-29
6119,181.0,P082,S05,9,4609.75,2026-04-05
6120,474.0,P065,S01,5,842.35,2025-04-25
6121,351.0,P087,S03,9,1539.61,2025-12-29
6122,137.0,P049,S03,4,3378.94,2025-04-07
6123,82.0,P042,S05,3,2106.87,2026-05-15
6124,980.0,P058,S05,5,2972.4,2025-08-15
6125,1293.0,P009,S04,5,3807.35,2024-07-09
6126,1527.0,P081,S03,4,2612.78,2024-11-20
6127,1175.0,P011,S04,5,4997.05,2025-08-31
6128,877.0,P094,S01,3,2885.43,2026-02-17
6129,936.0,P051,S04,7,1923.98,2025-01-30
6130,913.0,P028,S03,10,1528.39,2024-10-06
6131,606.0,P051,S04,9,210.92,2025-07-28
6132,222.0,P099,S02,10,4465.73,2024-08-17
6133,1272.0,P047,S05,10,100.14,2025-07-19
6134,529.0,P008,S02,4,4990.73,2024-08-25
6135,1693.0,P040,S05,9,4162.78,2024-07-07
6136,178.0,P086,S02,1,4575.32,2024-11-30
6137,198.0,P088,S05,3,338.64,2024-12-07
6138,1197.0,P094,S03,10,2015.08,2024-09-10
6139,632.0,P081,S03,7,3331.83,2024-11-10
6140,252.0,P007,S01,8,3402.43,2025-05-02
6141,1074.0,P100,S01,7,3602.11,2025-11-28
6142,277.0,P053,S03,7,1414.71,2025-11-30
6143,768.0,P063,S03,3,4593.77,2025-02-05
6144,1419.0,P017,S04,5,1772.82,2026-02-22
6145,1157.0,P094,S04,6,2046.59,2024-06-12
6146,1222.0,P012,S04,1,4085.33,2025-10-07
6147,929.0,P021,S04,1,4260.21,2026-03-27
6148,1408.0,P098,S05,7,243.4,2024-07-28
6149,763.0,P062,S03,9,3356.38,2026-01-25
6150,1644.0,P054,S03,4,4032.31,2025-11-19
6151,820.0,P088,S02,3,265.39,2026-02-07
6152,11.0,P060,S03,5,3169.4,2024-11-17
6153,1149.0,P078,S01,4,2704.5,2025-09-09
6154,1488.0,P060,S05,3,3813.65,2026-06-03
6155,1900.0,P078,S02,10,1523.38,2025-03-02
6156,1165.0,P065,S01,2,3740.06,2025-01-03
6157,1782.0,P090,S02,7,3300.56,2024-10-22
6158,1286.0,P099,S03,8,4093.95,2026-01-07
6159,515.0,P023,S03,4,1695.43,2026-02-25
6160,111.0,P047,S03,2,914.96,2025-06-12
6161,1716.0,P040,S01,5,1044.0,2025-02-25
6162,747.0,P026,S03,2,1657.86,2024-08-14
6163,1025.0,P040,S01,2,3518.64,2024-06-21
6164,1416.0,P028,S05,1,2563.33,2025-09-25
6165,503.0,P032,S01,9,4815.06,2026-02-11
6166,1427.0,P008,S04,6,473.54,2026-03-26
6167,591.0,P033,S01,6,1108.74,2026-05-17
6168,392.0,P048,S03,4,3581.6,2026-02-25
6169,433.0,P011,S01,9,4342.01,2026-05-23
6170,788.0,P041,S03,8,3505.82,2025-06-13
6171,815.0,P036,S01,4,1092.18,2025-03-19
6172,1549.0,P076,S04,3,3928.66,2025-01-10
6173,603.0,P032,S05,9,1145.04,2025-03-21
6174,590.0,P023,S02,4,4945.5,2024-08-08
6175,1578.0,P003,S05,4,4965.02,2025-12-27
6176,575.0,P064,S04,4,1724.15,2025-09-20
6177,127.0,P092,S04,9,4654.81,2025-05-03
6178,205.0,P092,S02,6,3906.4,2024-08-01
6179,76.0,P005,S03,5,3714.16,2026-02-21
6180,1138.0,P002,S04,1,4819.45,2025-06-05
6181,1634.0,P011,S04,7,1605.03,2025-07-24
6182,1699.0,P010,S03,9,3778.49,2025-08-31
6183,685.0,P087,S04,9,1702.74,2026-04-28
6184,1097.0,P026,S05,4,2587.29,2025-01-05
6185,793.0,P073,S04,7,3283.53,2024-07-27
6186,481.0,P089,S01,8,2016.48,2024-07-02
6187,784.0,P057,S04,9,4217.89,2026-01-08
6188,1954.0,P066,S05,5,812.12,2025-09-30
6189,626.0,P054,S04,3,3469.19,2025-08-05
6190,1414.0,P068,S05,2,1296.36,2026-02-14
6191,394.0,P068,S02,10,687.53,2024-09-14
6192,250.0,P037,S05,6,1657.67,2025-11-06
6193,1531.0,P022,S03,3,3398.93,2025-02-03
6194,1326.0,P080,S03,6,2270.16,2025-04-15
6195,88.0,P087,S02,7,3518.93,2026-04-06
6196,24.0,P033,S04,10,3570.21,2024-10-19
6197,1233.0,P087,S03,5,862.89,2024-08-18
6198,1695.0,P053,S04,1,4200.19,2025-09-20
6199,672.0,P039,S04,10,1622.5,2025-10-01
6200,431.0,P012,S04,9,3120.96,2025-08-15
6201,1573.0,P072,S05,1,3243.95,2025-07-09
6202,1608.0,P051,S04,2,3030.53,2026-02-19
6203,1211.0,P037,S03,1,4140.37,2026-02-17
6204,364.0,P030,S05,3,1372.99,2025-11-29
6205,280.0,P064,S04,8,3169.43,2025-08-23
6206,318.0,P004,S04,5,3387.33,2025-04-11
6207,961.0,P067,S03,10,800.81,2025-06-24
6208,86.0,P001,S02,7,377.93,2024-11-23
6209,847.0,P028,S01,5,2206.64,2026-01-03
6210,1337.0,P080,S04,8,2402.72,2025-07-25
6211,1434.0,P091,S03,2,2980.63,2025-06-27
6212,469.0,P091,S01,6,552.8,2024-09-24
6213,1664.0,P024,S03,3,3682.19,2026-04-26
6214,962.0,P011,S03,4,1846.88,2024-09-12
6215,880.0,P056,S04,6,2433.27,2025-12-20
6216,158.0,P039,S01,9,1706.4,2025-12-24
6217,1083.0,P096,S01,8,4309.85,2026-06-04
6218,1952.0,P039,S05,7,2693.06,2025-01-28
6219,485.0,P056,S01,10,3426.47,2024-09-13
6220,717.0,P079,S03,5,4089.06,2025-05-09
6221,847.0,P058,S01,4,2690.79,2024-07-23
6222,397.0,P065,S01,10,453.9,2026-01-10
6223,1308.0,P082,S03,2,4027.88,2024-11-25
6224,1316.0,P032,S04,8,4597.37,2024-07-27
6225,1704.0,P084,S01,7,2626.6,2025-03-24
6226,257.0,P069,S04,6,1072.74,2025-08-26
6227,588.0,P006,S05,4,2715.82,2025-10-08
6228,716.0,P091,S04,8,3620.39,2024-10-23
6229,1759.0,P099,S02,5,4448.44,2025-06-10
6230,1155.0,P057,S03,6,2774.17,2025-01-06
6231,1365.0,P085,S03,6,4488.44,2026-03-31
6232,1603.0,P071,S02,7,4845.48,2025-12-29
6233,1512.0,P013,S03,2,4975.5,2026-05-12
6234,1812.0,P014,S05,5,400.65,2025-12-29
6235,1538.0,P035,S02,6,3527.14,2026-05-18
6236,1151.0,P054,S01,6,1561.34,2024-11-29
6237,207.0,P068,S04,2,1576.62,2026-05-24
6238,1024.0,P052,S02,7,1676.83,2025-07-10
6239,1724.0,P040,S04,4,4523.87,2025-12-14
6240,1897.0,P022,S02,1,1810.46,2025-01-05
6241,207.0,P077,S02,10,787.32,2024-08-12
6242,1517.0,P002,S01,2,1118.73,2026-02-03
6243,967.0,P042,S05,9,2929.88,2025-11-20
6244,1482.0,P067,S04,3,1067.01,2024-07-02
6245,794.0,P055,S02,4,3526.64,2025-03-07
6246,1829.0,P048,S05,3,4793.69,2024-12-20
6247,201.0,P022,S02,6,2725.66,2025-09-20
6248,982.0,P087,S01,5,3027.53,2024-11-05
6249,1919.0,P049,S04,9,3690.26,2025-01-24
6250,1506.0,P043,S03,7,4459.62,2025-11-26
6251,1355.0,P018,S04,3,834.83,2025-12-29
6252,596.0,P040,S02,7,815.48,2025-08-17
6253,709.0,P055,S02,1,3055.31,2025-09-10
6254,1917.0,P012,S01,4,2293.1,2025-08-25
6255,222.0,P046,S04,1,1005.03,2026-01-15
6256,1899.0,P046,S04,4,1592.35,2025-10-16
6257,1239.0,P028,S03,3,2334.06,2025-08-29
6258,1604.0,P069,S01,10,1771.74,2026-01-02
6259,1573.0,P100,S01,4,2050.39,2025-10-01
6260,1349.0,P022,S03,1,2804.15,2024-07-10
6261,1169.0,P084,S02,7,2510.98,2024-06-13
6262,1562.0,P018,S01,1,3783.09,2026-03-14
6263,890.0,P042,S02,5,4797.79,2026-03-23
6264,200.0,P052,S05,4,3681.82,2025-10-23
6265,1521.0,P004,S04,4,2320.23,2024-12-17
6266,1353.0,P057,S03,3,1495.52,2025-12-13
6267,1598.0,P034,S05,6,525.17,2024-12-28
6268,688.0,P085,S02,1,4221.47,2025-04-01
6269,65.0,P064,S02,3,1456.55,2025-05-29
6270,133.0,P028,S02,5,4164.73,2024-08-09
6271,1998.0,P035,S04,3,1456.17,2025-08-22
6272,1317.0,P039,S03,4,2043.38,2025-11-09
6273,1123.0,P099,S04,6,853.11,2024-09-12
6274,449.0,P075,S01,7,1881.38,2024-11-12
6275,1839.0,P066,S01,10,4435.41,2026-05-10
6276,980.0,P002,S04,6,487.87,2026-06-06
6277,604.0,P063,S04,1,2912.36,2025-09-15
6278,355.0,P073,S03,10,4006.35,2026-02-07
6279,1146.0,P047,S05,8,4518.97,2025-05-16
6280,148.0,P079,S05,8,2009.95,2025-04-07
6281,327.0,P032,S02,7,625.04,2025-10-28
6282,753.0,P046,S05,7,2756.88,2026-02-14
6283,1043.0,P016,S05,7,493.97,2024-08-09
6284,1745.0,P087,S03,6,2067.36,2024-10-03
6285,1482.0,P086,S01,5,972.7,2024-10-02
6286,1226.0,P068,S05,9,2955.0,2025-12-17
6287,625.0,P094,S02,7,691.99,2025-08-09
6288,1224.0,P059,S05,6,2392.49,2024-11-21
6289,155.0,P002,S03,3,556.65,2024-11-22
6290,767.0,P043,S04,6,442.3,2024-12-12
6291,1198.0,P013,S05,9,4175.64,2025-07-11
6292,291.0,P086,S03,4,1614.17,2025-04-08
6293,1426.0,P034,S02,6,2994.05,2024-07-28
6294,416.0,P024,S05,8,642.17,2024-06-20
6295,1357.0,P018,S01,10,4427.71,2025-11-06
6296,1515.0,P085,S02,3,3625.45,2025-02-01
6297,1204.0,P021,S05,3,914.53,2026-02-11
6298,1156.0,P011,S04,2,698.43,2025-01-18
6299,1938.0,P091,S01,2,4474.15,2025-01-19
6300,671.0,P085,S02,8,3606.94,2026-05-13
6301,1745.0,P007,S02,5,3726.62,2026-05-30
6302,1857.0,P080,S04,1,2014.15,2024-09-05
6303,105.0,P085,S05,7,4328.34,2025-08-02
6304,1541.0,P054,S02,9,1412.21,2025-01-06
6305,1588.0,P045,S05,10,3778.05,2026-01-17
6306,664.0,P086,S05,7,631.43,2024-06-22
6307,407.0,P018,S05,5,1005.37,2025-07-20
6308,1086.0,P026,S04,10,2343.14,2025-09-07
6309,1405.0,P004,S04,8,4206.25,2025-12-25
6310,1867.0,P053,S01,3,881.32,2026-04-28
6311,1950.0,P032,S04,3,1679.1,2024-11-11
6312,1144.0,P036,S01,8,3494.04,2024-06-30
6313,1623.0,P048,S05,3,624.32,2025-05-14
6314,1992.0,P056,S01,3,1607.22,2024-10-18
6315,177.0,P081,S05,6,2440.63,2025-05-27
6316,1924.0,P013,S05,9,1902.48,2025-05-30
6317,5.0,P019,S04,1,4529.54,2024-07-24
6318,907.0,P030,S03,10,1562.56,2026-02-02
6319,461.0,P041,S05,10,186.37,2024-06-29
6320,287.0,P036,S03,4,3859.32,2025-04-10
6321,1370.0,P052,S02,9,3567.79,2025-03-02
6322,1389.0,P066,S05,5,2552.91,2025-05-21
6323,1534.0,P081,S03,10,445.61,2025-12-06
6324,1434.0,P037,S05,1,1770.65,2024-06-13
6325,638.0,P099,S02,9,3913.49,2025-12-07
6326,1725.0,P099,S04,7,1502.49,2025-01-16
6327,1884.0,P004,S02,10,2470.68,2026-03-18
6328,591.0,P015,S01,5,461.09,2024-09-20
6329,1886.0,P086,S05,8,589.01,2026-06-01
6330,253.0,P087,S04,7,4957.51,2026-01-04
6331,1450.0,P088,S04,6,1819.28,2025-07-31
6332,289.0,P076,S01,2,4876.01,2025-04-06
6333,1933.0,P079,S01,8,2422.38,2025-02-21
6334,375.0,P043,S04,8,4349.45,2025-04-07
6335,190.0,P011,S01,8,1178.24,2025-09-21
6336,1270.0,P041,S04,3,1398.23,2025-10-16
6337,183.0,P010,S03,7,260.77,2026-03-19
6338,263.0,P074,S03,10,4664.74,2025-02-22
6339,1939.0,P011,S02,9,3653.96,2025-09-16
6340,300.0,P018,S02,6,2269.29,2025-01-09
6341,533.0,P017,S04,5,4545.21,2026-02-05
6342,1507.0,P058,S03,4,4570.45,2026-01-11
6343,901.0,P006,S05,6,227.79,2025-05-21
6344,8.0,P051,S04,1,4627.48,2025-09-20
6345,883.0,P091,S04,10,2571.18,2024-10-16
6346,746.0,P047,S01,5,3214.55,2026-05-12
6347,839.0,P013,S04,7,2967.53,2024-08-30
6348,1819.0,P018,S03,8,1910.5,2024-08-30
6349,8.0,P012,S04,3,3273.71,2026-03-13
6350,853.0,P064,S03,3,4950.66,2024-07-21
6351,617.0,P009,S02,3,4681.38,2024-10-18
6352,531.0,P043,S03,2,3872.32,2026-03-09
6353,1686.0,P019,S02,5,2962.96,2025-03-15
6354,1217.0,P005,S04,4,2465.6,2025-01-03
6355,777.0,P034,S02,5,3672.56,2024-10-21
6356,1354.0,P049,S03,1,1147.69,2024-07-26
6357,723.0,P034,S01,7,603.81,2024-09-29
6358,763.0,P071,S04,4,3131.22,2025-05-06
6359,1534.0,P023,S02,4,1585.85,2024-10-14
6360,892.0,P050,S05,10,1212.33,2025-02-19
6361,1930.0,P096,S01,4,1155.55,2026-01-28
6362,1364.0,P091,S01,4,4464.28,2025-01-15
6363,449.0,P001,S03,6,575.74,2024-12-22
6364,1732.0,P019,S02,4,3438.98,2025-01-07
6365,1769.0,P043,S02,8,3048.39,2025-06-29
6366,441.0,P052,S04,3,4209.88,2024-11-06
6367,631.0,P096,S05,5,1025.48,2025-08-07
6368,417.0,P014,S01,10,1951.51,2026-02-01
6369,59.0,P083,S05,5,1489.77,2025-07-19
6370,911.0,P066,S04,2,1636.01,2025-08-17
6371,537.0,P100,S05,4,379.22,2025-08-17
6372,224.0,P099,S05,6,3310.02,2025-04-06
6373,467.0,P090,S05,5,649.25,2025-04-16
6374,1517.0,P066,S01,7,2712.92,2025-09-18
6375,639.0,P083,S04,3,2734.88,2026-03-26
6376,1802.0,P069,S02,9,934.11,2025-10-26
6377,1500.0,P095,S04,4,482.49,2024-08-27
6378,34.0,P017,S03,9,858.99,2024-07-20
6379,1603.0,P084,S03,9,2556.85,2025-02-19
6380,1074.0,P020,S04,3,3667.12,2024-11-10
6381,1534.0,P001,S03,10,3795.18,2025-02-08
6382,1482.0,P010,S01,8,3784.69,2024-09-05
6383,388.0,P073,S02,5,4942.3,2025-02-06
6384,1009.0,P060,S02,2,4907.69,2025-06-16
6385,1407.0,P100,S02,1,3439.24,2025-02-01
6386,102.0,P049,S03,3,3922.03,2025-12-06
6387,22.0,P083,S04,1,2353.33,2025-03-13
6388,1873.0,P021,S05,3,4512.36,2026-03-22
6389,1969.0,P049,S04,4,477.71,2025-07-15
6390,1824.0,P023,S02,6,2522.37,2026-01-19
6391,1105.0,P003,S03,5,4473.78,2024-08-23
6392,1235.0,P035,S04,4,4172.71,2026-01-11
6393,1212.0,P065,S02,6,1759.7,2024-11-15
6394,581.0,P097,S03,4,923.68,2024-06-11
6395,1426.0,P055,S01,6,804.46,2025-10-01
6396,307.0,P051,S03,9,2304.07,2026-01-12
6397,905.0,P065,S03,1,4636.29,2025-12-02
6398,467.0,P040,S01,2,2736.24,2024-10-31
6399,158.0,P045,S03,10,2464.54,2026-04-26
6400,826.0,P094,S04,6,2620.42,2025-12-17
6401,383.0,P069,S05,6,1906.37,2025-02-05
6402,4.0,P010,S01,2,4823.04,2026-02-12
6403,1380.0,P061,S03,7,4108.4,2025-02-14
6404,1675.0,P030,S03,6,3023.81,2025-11-08
6405,1428.0,P011,S04,3,3999.58,2025-03-09
6406,1614.0,P024,S05,6,4215.74,2024-12-19
6407,1694.0,P021,S03,3,3683.63,2024-11-03
6408,197.0,P013,S02,1,1756.01,2025-07-12
6409,929.0,P020,S01,10,2145.18,2025-08-21
6410,725.0,P018,S03,1,3543.36,2024-10-20
6411,313.0,P090,S03,9,3466.49,2026-03-08
6412,1386.0,P025,S01,10,4554.34,2025-12-06
6413,319.0,P033,S03,2,4344.14,2024-08-08
6414,1199.0,P087,S05,1,1579.01,2025-08-09
6415,1149.0,P032,S04,7,4244.54,2025-06-19
6416,890.0,P078,S01,8,4681.67,2025-12-28
6417,1436.0,P052,S04,4,1439.71,2025-01-25
6418,1397.0,P011,S02,7,1082.52,2025-11-01
6419,1518.0,P009,S04,6,157.87,2025-02-12
6420,479.0,P022,S05,5,453.08,2026-01-24
6421,1666.0,P021,S05,7,881.7,2025-01-13
6422,800.0,P033,S02,10,1170.99,2026-05-15
6423,1635.0,P063,S05,10,3727.48,2025-04-06
6424,1268.0,P054,S02,5,2280.24,2026-05-01
6425,333.0,P082,S01,7,4903.48,2025-07-19
6426,1339.0,P043,S03,7,2617.31,2024-06-29
6427,198.0,P001,S05,1,1724.95,2024-06-22
6428,1601.0,P055,S05,1,2093.06,2024-10-07
6429,726.0,P005,S03,10,3837.33,2025-08-24
6430,1929.0,P086,S01,3,2716.5,2025-07-29
6431,163.0,P020,S04,2,4650.98,2025-02-11
6432,911.0,P079,S02,5,2060.18,2025-09-13
6433,1117.0,P085,S05,3,3833.82,2026-01-24
6434,1866.0,P040,S04,4,4985.79,2025-04-13
6435,924.0,P072,S03,4,1881.85,2026-06-05
6436,988.0,P097,S03,10,1344.24,2024-11-03
6437,339.0,P010,S01,7,4835.86,2024-06-17
6438,1601.0,P079,S04,6,2376.31,2024-10-28
6439,590.0,P028,S04,2,4582.3,2025-07-16
6440,1956.0,P059,S05,3,2221.07,2026-01-18
6441,448.0,P081,S01,10,1281.71,2025-02-07
6442,555.0,P066,S04,6,1961.94,2026-04-22
6443,278.0,P006,S04,4,1899.32,2025-05-26
6444,281.0,P076,S03,8,2194.05,2024-12-23
6445,1712.0,P011,S02,10,3884.29,2025-02-04
6446,1202.0,P094,S05,6,2724.63,2026-02-18
6447,1128.0,P078,S04,4,127.81,2025-12-14
6448,424.0,P083,S03,6,261.6,2025-11-11
6449,208.0,P077,S04,7,4253.98,2025-07-19
6450,1041.0,P020,S03,8,2051.75,2026-05-18
6451,1033.0,P004,S01,10,2240.88,2025-01-18
6452,887.0,P049,S02,6,771.79,2024-09-11
6453,668.0,P005,S02,6,1425.01,2024-07-23
6454,119.0,P075,S05,7,1438.05,2025-01-13
6455,1355.0,P058,S04,1,1871.57,2025-08-23
6456,1427.0,P052,S05,3,1779.93,2025-04-29
6457,783.0,P018,S04,3,1419.25,2025-01-09
6458,312.0,P067,S05,6,820.97,2025-04-08
6459,748.0,P098,S01,2,4994.59,2024-10-05
6460,817.0,P001,S03,2,3458.23,2024-12-17
6461,222.0,P090,S05,2,973.81,2025-05-18
6462,1106.0,P062,S04,2,4449.85,2026-02-17
6463,87.0,P067,S03,6,3025.45,2025-10-13
6464,196.0,P089,S03,2,3902.27,2025-08-18
6465,1803.0,P049,S03,3,3698.64,2025-12-13
6466,872.0,P069,S01,8,2872.69,2025-02-20
6467,1839.0,P003,S03,4,3052.93,2025-03-20
6468,571.0,P050,S01,9,4519.15,2024-12-19
6469,286.0,P038,S02,3,156.48,2025-06-30
6470,1043.0,P010,S05,10,1122.28,2024-11-24
6471,217.0,P093,S03,3,772.53,2026-01-04
6472,1390.0,P063,S01,5,3158.12,2025-07-26
6473,993.0,P100,S02,8,3294.79,2026-06-04
6474,1480.0,P021,S05,6,1736.76,2024-06-09
6475,896.0,P005,S04,9,4712.42,2025-07-12
6476,319.0,P047,S05,7,2727.48,2025-09-30
6477,469.0,P077,S04,1,4088.66,2026-03-21
6478,1154.0,P064,S01,3,683.07,2025-05-21
6479,95.0,P054,S03,7,779.05,2026-06-01
6480,1468.0,P044,S01,8,1765.56,2025-10-16
6481,675.0,P094,S03,7,4568.7,2024-09-08
6482,1369.0,P014,S01,10,3906.8,2026-04-08
6483,1870.0,P099,S05,6,4118.39,2025-04-14
6484,1650.0,P039,S03,1,2947.3,2025-06-18
6485,204.0,P014,S02,7,2724.51,2024-10-30
6486,1161.0,P016,S05,7,2850.0,2024-12-16
6487,1385.0,P063,S03,9,3047.2,2024-11-06
6488,1453.0,P066,S04,1,2273.64,2025-12-20
6489,395.0,P069,S03,2,2245.24,2025-09-22
6490,404.0,P003,S05,4,4671.31,2024-08-04
6491,494.0,P039,S02,9,1157.94,2024-12-24
6492,1805.0,P031,S02,5,973.85,2025-07-27
6493,1872.0,P095,S04,1,4602.73,2025-05-13
6494,1143.0,P019,S02,2,2989.6,2026-06-02
6495,1342.0,P071,S02,4,4234.93,2026-04-16
6496,1935.0,P091,S05,8,1404.08,2025-12-30
6497,189.0,P067,S04,2,2483.56,2025-04-07
6498,170.0,P092,S04,6,1298.85,2024-11-18
6499,1450.0,P026,S05,6,4779.36,2025-05-01
6500,582.0,P085,S03,5,4516.61,2024-11-04
6501,1331.0,P077,S02,9,3454.67,2024-09-28
6502,1095.0,P096,S03,1,2783.0,2025-12-05
6503,1896.0,P057,S02,7,3621.03,2025-09-24
6504,1608.0,P033,S03,3,3664.7,2024-10-15
6505,1699.0,P013,S05,6,4059.86,2025-08-27
6506,742.0,P006,S03,5,2863.98,2026-01-24
6507,814.0,P011,S02,4,4094.46,2026-05-16
6508,690.0,P005,S01,10,2586.62,2025-12-18
6509,1962.0,P006,S01,7,2477.46,2025-05-19
6510,733.0,P059,S01,8,1022.05,2024-09-17
6511,753.0,P063,S03,7,1704.25,2024-06-18
6512,1904.0,P043,S03,7,2067.08,2024-11-10
6513,130.0,P048,S01,3,2392.0,2025-05-19
6514,1189.0,P093,S03,2,3532.94,2026-04-23
6515,1616.0,P022,S04,9,471.85,2026-02-26
6516,726.0,P074,S02,7,2820.08,2025-10-01
6517,1287.0,P007,S05,8,4784.5,2025-10-18
6518,485.0,P064,S02,8,1957.77,2024-12-22
6519,1135.0,P097,S05,5,620.86,2026-04-28
6520,1304.0,P004,S03,3,3790.42,2026-06-05
6521,175.0,P022,S04,2,4831.9,2025-09-10
6522,1718.0,P042,S01,4,3501.0,2025-07-24
6523,1154.0,P047,S02,10,214.74,2025-10-22
6524,104.0,P051,S05,8,3987.55,2025-09-14
6525,903.0,P044,S03,4,1449.74,2024-12-28
6526,1302.0,P058,S03,1,1994.05,2026-06-07
6527,884.0,P088,S05,9,1367.34,2026-02-10
6528,196.0,P020,S04,6,138.19,2025-04-15
6529,844.0,P070,S01,4,3713.05,2025-06-07
6530,714.0,P027,S02,5,2084.7,2026-05-13
6531,1098.0,P060,S05,9,387.77,2025-10-04
6532,1607.0,P048,S04,8,1837.99,2025-11-26
6533,1322.0,P081,S04,2,2364.99,2026-01-09
6534,231.0,P018,S02,4,3734.41,2026-05-26
6535,1906.0,P056,S03,2,4509.95,2025-07-16
6536,1696.0,P039,S04,9,4500.48,2025-07-30
6537,1649.0,P070,S02,9,1787.4,2025-04-01
6538,1767.0,P056,S02,8,1308.67,2024-10-05
6539,1228.0,P094,S01,1,3294.67,2024-08-10
6540,1929.0,P021,S01,7,4795.09,2024-07-01
6541,1893.0,P008,S02,2,1906.04,2025-06-02
6542,1473.0,P052,S05,6,1327.0,2024-07-06
6543,1824.0,P053,S04,6,4803.11,2025-08-08
6544,1501.0,P062,S03,3,250.86,2025-08-05
6545,149.0,P034,S05,1,3227.19,2024-07-31
6546,238.0,P044,S03,8,4306.32,2025-11-20
6547,859.0,P070,S05,4,246.69,2024-06-26
6548,774.0,P013,S01,6,1577.07,2024-11-01
6549,772.0,P067,S05,7,124.08,2025-01-10
6550,1008.0,P082,S05,8,4726.23,2025-07-24
6551,1435.0,P095,S05,1,3349.66,2025-04-06
6552,946.0,P100,S05,2,108.13,2025-10-06
6553,454.0,P026,S04,9,1137.87,2026-05-28
6554,961.0,P100,S03,1,2607.67,2026-01-28
6555,722.0,P037,S03,9,2655.59,2025-04-30
6556,1014.0,P064,S05,1,3667.98,2026-01-14
6557,765.0,P032,S04,8,4206.49,2025-10-11
6558,991.0,P087,S04,1,2782.92,2025-05-12
6559,1355.0,P024,S01,3,3769.86,2025-11-04
6560,1412.0,P081,S04,1,3449.97,2025-01-17
6561,1696.0,P014,S04,8,1538.07,2024-08-26
6562,56.0,P023,S05,5,2115.53,2025-05-10
6563,1171.0,P052,S04,1,4353.15,2024-10-25
6564,1904.0,P069,S04,3,4731.87,2025-10-09
6565,492.0,P026,S02,7,1562.03,2025-05-20
6566,373.0,P040,S01,9,1191.85,2026-03-15
6567,1055.0,P050,S02,3,2553.51,2026-01-13
6568,1447.0,P058,S05,5,4171.53,2024-12-10
6569,1042.0,P077,S03,5,2268.13,2025-12-01
6570,1338.0,P005,S01,1,3574.6,2024-06-30
6571,973.0,P067,S04,1,976.87,2025-02-14
6572,293.0,P076,S03,5,1282.44,2026-01-05
6573,533.0,P077,S01,3,916.67,2024-08-21
6574,511.0,P057,S05,4,2275.79,2025-07-17
6575,1919.0,P022,S03,2,3595.41,2025-04-17
6576,853.0,P032,S05,9,1933.18,2024-06-25
6577,706.0,P065,S03,4,604.87,2025-04-27
6578,1958.0,P097,S01,1,4734.01,2025-09-02
6579,506.0,P041,S01,7,985.51,2024-10-19
6580,1959.0,P075,S02,10,139.28,2025-09-02
6581,879.0,P043,S05,2,2075.77,2025-05-27
6582,1517.0,P034,S01,8,4162.55,2025-01-14
6583,1052.0,P029,S05,10,4276.84,2025-02-15
6584,312.0,P099,S05,6,1881.45,2026-01-21
6585,1695.0,P041,S02,5,2780.78,2025-12-14
6586,644.0,P023,S02,3,4429.71,2026-01-22
6587,1659.0,P044,S04,7,2373.97,2025-12-23
6588,1295.0,P063,S04,5,317.86,2025-06-08
6589,1298.0,P005,S05,8,1487.44,2024-07-04
6590,1566.0,P055,S01,4,2636.79,2024-06-11
6591,1285.0,P027,S03,1,1358.43,2025-04-18
6592,108.0,P031,S05,2,1313.71,2025-01-21
6593,986.0,P038,S03,10,648.49,2025-02-21
6594,473.0,P046,S04,6,4831.49,2024-06-24
6595,1159.0,P068,S05,3,2176.33,2024-12-04
6596,1276.0,P002,S03,2,4255.04,2025-06-07
6597,841.0,P079,S01,10,1061.93,2025-09-06
6598,1021.0,P091,S04,1,4546.29,2024-08-19
6599,912.0,P058,S01,8,3642.31,2026-04-09
6600,1467.0,P071,S03,3,3477.32,2026-05-17
6601,705.0,P048,S01,4,3011.43,2024-11-17
6602,328.0,P006,S02,1,1027.01,2025-09-05
6603,1090.0,P090,S03,3,2856.22,2024-07-09
6604,818.0,P018,S03,1,4596.25,2024-06-12
6605,1901.0,P099,S05,4,877.04,2026-04-13
6606,55.0,P027,S05,3,3793.99,2024-10-22
6607,436.0,P019,S01,8,4231.12,2024-06-26
6608,1040.0,P076,S01,10,888.27,2024-06-13
6609,717.0,P100,S01,5,2347.68,2025-10-15
6610,1613.0,P089,S01,5,4639.63,2026-01-03
6611,421.0,P096,S02,9,3299.82,2025-08-21
6612,103.0,P089,S01,9,135.94,2024-11-10
6613,69.0,P063,S03,7,3608.4,2025-07-25
6614,813.0,P069,S04,3,1202.26,2025-07-13
6615,1576.0,P003,S05,2,2969.9,2025-05-23
6616,326.0,P025,S03,2,2778.47,2025-04-16
6617,1527.0,P086,S02,3,4115.98,2024-10-25
6618,1294.0,P071,S05,6,2777.26,2025-12-15
6619,508.0,P065,S04,2,3435.97,2024-12-31
6620,406.0,P097,S04,10,2968.3,2025-08-23
6621,1025.0,P074,S02,5,688.31,2024-06-24
6622,180.0,P076,S03,4,699.33,2025-03-14
6623,1157.0,P018,S04,8,2419.81,2024-10-18
6624,1522.0,P092,S05,9,1397.67,2025-06-18
6625,1388.0,P004,S01,2,788.33,2025-04-04
6626,716.0,P085,S04,2,314.73,2025-07-12
6627,432.0,P081,S01,10,4975.45,2026-03-01
6628,1247.0,P047,S03,3,686.99,2025-09-26
6629,1808.0,P002,S02,5,3937.06,2025-12-27
6630,174.0,P013,S01,6,2092.08,2025-10-21
6631,1785.0,P041,S02,1,4895.5,2026-05-16
6632,317.0,P090,S05,4,1799.95,2026-02-20
6633,1777.0,P093,S01,9,2923.27,2024-10-07
6634,79.0,P077,S04,8,3679.56,2026-03-18
6635,898.0,P029,S05,2,407.95,2025-11-05
6636,1277.0,P021,S01,9,156.82,2025-03-28
6637,1861.0,P034,S04,4,4685.66,2025-09-24
6638,722.0,P032,S04,1,3489.53,2025-02-01
6639,917.0,P018,S01,4,1224.05,2024-10-24
6640,801.0,P002,S05,2,2540.88,2026-03-21
6641,622.0,P041,S02,10,2839.01,2025-09-18
6642,448.0,P087,S01,7,3256.52,2024-07-31
6643,1089.0,P050,S04,6,3745.92,2025-07-01
6644,225.0,P032,S03,6,2828.0,2024-10-27
6645,1393.0,P040,S05,10,2512.51,2025-09-13
6646,723.0,P030,S01,8,3855.7,2026-03-19
6647,863.0,P035,S04,9,616.65,2026-01-19
6648,1218.0,P075,S02,4,3993.41,2024-11-09
6649,656.0,P001,S02,6,1262.08,2025-01-16
6650,1944.0,P037,S05,5,3623.55,2024-07-10
6651,668.0,P029,S05,5,968.26,2026-05-04
6652,1090.0,P006,S02,7,538.31,2025-03-13
6653,1829.0,P070,S03,6,3238.44,2025-12-30
6654,778.0,P071,S04,1,1498.56,2026-03-01
6655,1751.0,P013,S04,7,958.42,2025-09-05
6656,304.0,P061,S01,8,4692.73,2025-09-02
6657,1047.0,P071,S03,7,2105.5,2026-01-31
6658,123.0,P030,S02,7,381.14,2025-01-21
6659,158.0,P077,S05,3,149.76,2025-07-27
6660,1669.0,P090,S05,1,2407.15,2024-06-09
6661,58.0,P080,S01,5,3463.31,2025-10-31
6662,1249.0,P046,S01,9,2012.99,2026-02-19
6663,1340.0,P063,S05,1,725.85,2025-04-08
6664,1541.0,P014,S01,6,1309.29,2025-07-15
6665,854.0,P098,S02,8,3240.23,2025-01-28
6666,1123.0,P017,S03,5,2531.12,2025-10-20
6667,1940.0,P083,S05,8,3502.54,2025-09-28
6668,250.0,P032,S04,7,3446.74,2025-09-14
6669,525.0,P060,S02,7,4587.94,2025-12-26
6670,882.0,P040,S02,8,142.91,2024-06-30
6671,420.0,P088,S03,9,2537.09,2025-06-17
6672,866.0,P081,S05,6,3525.1,2024-09-18
6673,354.0,P048,S01,2,4701.64,2025-09-25
6674,227.0,P085,S01,3,3857.43,2026-05-17
6675,223.0,P065,S01,7,859.87,2025-03-28
6676,892.0,P002,S01,6,4992.14,2026-04-21
6677,1215.0,P093,S03,2,2976.44,2026-03-13
6678,392.0,P029,S05,10,1908.83,2024-12-25
6679,58.0,P096,S05,1,2477.65,2024-09-01
6680,1856.0,P025,S03,7,1103.43,2025-07-05
6681,1696.0,P044,S01,8,3733.27,2024-09-10
6682,203.0,P008,S03,9,2287.45,2026-06-05
6683,1420.0,P067,S03,1,4492.97,2025-01-04
6684,169.0,P011,S04,9,4483.92,2026-06-09
6685,322.0,P077,S05,5,4660.27,2024-07-21
6686,696.0,P078,S04,7,4295.24,2024-07-13
6687,1096.0,P015,S01,10,1148.24,2024-10-08
6688,1787.0,P053,S04,8,3079.29,2026-05-17
6689,40.0,P032,S03,4,3801.32,2024-12-14
6690,256.0,P044,S02,8,2479.16,2025-12-31
6691,1330.0,P070,S04,8,4277.18,2025-12-23
6692,473.0,P100,S01,1,2597.24,2025-09-05
6693,1694.0,P099,S02,7,1859.6,2026-01-15
6694,1844.0,P066,S01,9,2677.46,2024-11-23
6695,1597.0,P072,S04,1,4431.26,2025-03-01
6696,798.0,P021,S01,9,3232.54,2024-07-08
6697,628.0,P001,S01,5,356.32,2026-02-12
6698,1349.0,P098,S04,10,480.03,2025-02-11
6699,911.0,P030,S05,2,3271.84,2025-10-07
6700,31.0,P085,S01,10,2666.9,2026-03-18
6701,994.0,P066,S05,9,3138.12,2026-02-11
6702,1054.0,P037,S01,3,1888.72,2025-06-06
6703,516.0,P038,S04,6,2130.15,2025-04-29
6704,1.0,P075,S01,9,3393.09,2026-03-12
6705,577.0,P099,S02,1,1787.1,2024-08-22
6706,943.0,P062,S03,3,4325.9,2025-04-03
6707,1109.0,P022,S01,3,1380.37,2025-05-26
6708,218.0,P016,S03,3,1861.29,2025-09-26
6709,1944.0,P033,S04,4,688.13,2025-05-23
6710,995.0,P019,S03,2,2179.4,2026-03-15
6711,1433.0,P051,S03,10,2121.18,2025-12-25
6712,1564.0,P088,S03,5,1609.47,2026-02-25
6713,1974.0,P096,S03,1,1776.92,2025-10-19
6714,1674.0,P069,S05,9,3416.81,2025-07-05
6715,73.0,P026,S04,5,2838.46,2024-10-06
6716,1791.0,P040,S03,1,3316.1,2025-10-30
6717,802.0,P025,S05,5,3248.17,2026-06-01
6718,925.0,P054,S03,1,204.69,2024-08-23
6719,496.0,P012,S01,3,2910.67,2024-10-07
6720,1867.0,P044,S01,5,1870.13,2024-08-18
6721,1986.0,P090,S01,4,861.51,2024-07-19
6722,335.0,P018,S01,1,1913.46,2026-05-18
6723,1410.0,P011,S04,8,2688.05,2024-12-12
6724,154.0,P057,S05,10,3556.02,2025-10-25
6725,199.0,P041,S02,10,4900.97,2025-12-04
6726,1158.0,P067,S05,10,4460.83,2025-09-07
6727,1842.0,P071,S03,8,2704.35,2026-02-17
6728,1478.0,P067,S02,1,1177.51,2025-02-16
6729,1152.0,P025,S04,4,4224.21,2024-08-29
6730,1202.0,P024,S05,6,2585.71,2026-05-29
6731,324.0,P078,S05,3,4924.4,2025-04-11
6732,90.0,P058,S01,10,4223.25,2024-07-08
6733,1461.0,P015,S03,4,3311.54,2025-07-24
6734,1159.0,P057,S01,8,1890.27,2025-06-23
6735,803.0,P008,S02,9,4736.09,2026-01-27
6736,432.0,P040,S03,4,282.57,2025-02-02
6737,1169.0,P089,S02,3,2166.15,2026-01-10
6738,21.0,P019,S03,7,396.54,2026-05-01
6739,1437.0,P052,S02,6,2343.85,2025-06-26
6740,1557.0,P037,S01,10,3894.41,2025-06-11
6741,607.0,P046,S01,7,3753.6,2025-12-05
6742,313.0,P064,S02,8,2413.4,2025-05-28
6743,394.0,P069,S04,10,3082.18,2025-07-25
6744,1876.0,P041,S04,8,4364.57,2026-01-14
6745,1237.0,P052,S05,3,1052.5,2026-05-15
6746,1907.0,P047,S04,4,4694.47,2024-09-04
6747,773.0,P065,S03,2,3520.85,2025-11-07
6748,612.0,P096,S01,5,1640.69,2024-12-15
6749,958.0,P087,S05,2,3724.79,2026-02-27
6750,296.0,P077,S05,2,652.31,2025-04-11
6751,1903.0,P049,S04,3,429.34,2026-02-26
6752,1950.0,P092,S05,9,2316.71,2025-07-20
6753,1619.0,P051,S04,7,610.8,2025-08-13
6754,1017.0,P070,S05,7,3456.39,2024-07-16
6755,1902.0,P010,S01,10,1970.69,2025-11-14
6756,314.0,P076,S03,7,3445.51,2026-03-30
6757,1751.0,P036,S01,8,4771.17,2025-08-24
6758,462.0,P039,S04,10,3967.15,2025-08-13
6759,598.0,P081,S05,3,956.28,2024-07-11
6760,230.0,P088,S01,10,1278.65,2025-05-16
6761,1752.0,P099,S03,4,1706.06,2025-03-21
6762,97.0,P068,S02,5,582.5,2025-01-13
6763,1108.0,P100,S05,9,418.68,2025-09-19
6764,301.0,P052,S04,9,234.48,2024-11-16
6765,233.0,P051,S05,3,2186.89,2025-02-10
6766,1594.0,P091,S05,9,759.48,2026-03-08
6767,1151.0,P024,S05,7,4505.95,2025-02-21
6768,906.0,P086,S04,10,3741.58,2025-02-02
6769,1853.0,P090,S02,8,2197.41,2025-11-07
6770,1430.0,P100,S05,4,2652.71,2026-04-04
6771,1403.0,P092,S05,1,3861.7,2025-11-21
6772,254.0,P081,S01,10,1700.6,2024-12-03
6773,229.0,P068,S02,6,2113.59,2024-10-09
6774,479.0,P031,S04,1,2593.93,2024-08-28
6775,498.0,P087,S03,6,1785.33,2024-11-29
6776,1804.0,P002,S01,8,1148.6,2024-11-24
6777,1019.0,P064,S05,1,4989.63,2025-02-10
6778,451.0,P009,S01,5,2660.51,2026-04-03
6779,800.0,P014,S03,10,4880.82,2025-12-02
6780,1999.0,P014,S03,1,2739.06,2025-04-25
6781,1649.0,P096,S01,9,1528.81,2025-03-21
6782,1500.0,P061,S01,5,1849.2,2025-06-08
6783,1283.0,P030,S04,10,3175.07,2024-08-27
6784,680.0,P054,S05,8,4225.59,2024-10-31
6785,1296.0,P048,S01,6,1171.39,2026-04-22
6786,1781.0,P050,S01,6,4166.64,2024-09-21
6787,1453.0,P037,S03,9,2424.61,2024-12-28
6788,1548.0,P007,S01,7,2891.53,2024-11-14
6789,830.0,P090,S02,8,1532.27,2025-02-03
6790,65.0,P071,S03,9,3362.39,2025-06-28
6791,1054.0,P096,S05,4,4261.87,2026-02-07
6792,179.0,P086,S01,6,2040.39,2025-12-29
6793,1030.0,P058,S03,3,4614.17,2025-04-09
6794,1761.0,P080,S04,4,1981.11,2025-03-14
6795,1722.0,P100,S03,1,749.03,2025-06-03
6796,544.0,P045,S04,3,2661.96,2024-12-17
6797,846.0,P027,S03,3,2874.77,2025-04-17
6798,1371.0,P004,S01,2,3460.05,2025-04-18
6799,685.0,P100,S03,3,449.89,2025-04-07
6800,1227.0,P004,S05,9,2663.27,2024-12-10
6801,676.0,P008,S01,10,4800.29,2025-07-24
6802,329.0,P073,S05,1,4288.04,2025-09-09
6803,1827.0,P087,S02,8,3952.66,2025-07-31
6804,143.0,P041,S04,4,4181.63,2026-04-30
6805,464.0,P048,S05,10,4860.66,2025-09-04
6806,189.0,P075,S02,4,4526.19,2025-03-17
6807,840.0,P099,S03,6,626.49,2026-02-28
6808,328.0,P033,S05,6,2218.23,2026-04-30
6809,286.0,P090,S05,8,4976.13,2026-04-20
6810,59.0,P090,S03,10,4275.42,2025-01-18
6811,1380.0,P093,S04,1,3773.66,2025-03-16
6812,1827.0,P055,S03,6,4137.29,2025-06-07
6813,1735.0,P082,S05,10,1471.59,2026-03-18
6814,812.0,P032,S02,4,4385.37,2024-08-12
6815,1047.0,P045,S03,9,3603.11,2026-03-29
6816,877.0,P056,S01,10,950.49,2025-10-03
6817,403.0,P029,S03,7,3873.41,2025-07-29
6818,1906.0,P037,S03,9,2367.23,2025-09-24
6819,699.0,P027,S02,6,1701.07,2025-03-17
6820,1003.0,P064,S01,4,4282.37,2024-09-16
6821,1808.0,P062,S04,2,947.47,2025-07-28
6822,478.0,P002,S01,6,3659.16,2025-03-21
6823,182.0,P089,S01,3,723.69,2026-03-19
6824,1827.0,P035,S05,2,1083.64,2025-01-06
6825,1930.0,P015,S02,1,3293.2,2024-07-11
6826,904.0,P090,S01,4,1240.3,2024-08-11
6827,482.0,P007,S02,9,1819.43,2025-09-17
6828,18.0,P094,S04,10,4204.48,2024-07-29
6829,196.0,P048,S03,2,3234.53,2026-05-02
6830,812.0,P015,S01,4,4052.85,2024-11-18
6831,699.0,P079,S02,5,4314.92,2024-12-30
6832,299.0,P096,S05,8,2929.87,2025-09-06
6833,165.0,P100,S03,3,127.62,2025-12-01
6834,276.0,P073,S02,6,4163.15,2024-07-04
6835,1993.0,P022,S03,7,4549.36,2024-08-23
6836,271.0,P027,S05,6,1451.63,2024-07-05
6837,230.0,P008,S05,5,2851.15,2025-11-29
6838,59.0,P014,S04,6,3491.27,2024-07-21
6839,718.0,P029,S05,8,1882.86,2024-07-03
6840,731.0,P052,S04,4,1150.8,2025-06-30
6841,51.0,P084,S01,3,1070.22,2025-11-17
6842,1681.0,P098,S03,9,4501.45,2025-06-27
6843,360.0,P028,S03,3,2583.79,2026-05-04
6844,87.0,P025,S01,7,4057.7,2025-09-25
6845,1353.0,P068,S03,3,1831.53,2026-05-18
6846,777.0,P017,S03,7,2908.25,2025-11-07
6847,1495.0,P100,S02,1,1533.25,2025-11-30
6848,143.0,P056,S04,5,3952.61,2026-03-08
6849,1488.0,P030,S02,2,3488.79,2026-01-02
6850,1119.0,P090,S05,9,900.91,2025-01-09
6851,1616.0,P031,S02,2,3243.97,2025-12-09
6852,944.0,P034,S03,9,1727.29,2024-12-19
6853,1109.0,P064,S02,2,3949.31,2024-10-10
6854,481.0,P030,S02,4,4058.29,2024-06-12
6855,1436.0,P043,S03,5,2046.87,2025-05-12
6856,1009.0,P084,S03,8,2702.65,2025-05-16
6857,518.0,P057,S01,8,1522.96,2024-06-19
6858,1948.0,P055,S01,8,1181.58,2025-12-15
6859,1362.0,P010,S04,7,2387.29,2025-07-06
6860,1094.0,P072,S03,9,2010.23,2025-01-29
6861,283.0,P005,S03,7,1916.68,2026-05-31
6862,144.0,P058,S02,6,4308.95,2026-03-21
6863,1595.0,P035,S05,7,2147.79,2025-02-25
6864,1471.0,P038,S05,9,3929.27,2026-04-28
6865,295.0,P008,S03,1,1334.68,2025-03-30
6866,1090.0,P076,S02,3,3563.16,2026-02-09
6867,1474.0,P068,S01,10,204.83,2026-04-27
6868,1599.0,P046,S04,5,1504.87,2024-09-29
6869,1956.0,P066,S02,4,2585.66,2024-10-15
6870,1269.0,P004,S04,2,1294.32,2024-12-06
6871,1108.0,P016,S03,4,792.91,2025-12-17
6872,1773.0,P043,S03,4,1628.73,2024-11-10
6873,315.0,P061,S03,4,3776.19,2024-08-19
6874,357.0,P041,S03,3,3135.36,2024-08-02
6875,461.0,P008,S04,2,150.09,2025-03-12
6876,1897.0,P006,S03,5,328.58,2026-01-08
6877,1596.0,P075,S02,6,3638.19,2025-09-30
6878,614.0,P083,S04,6,1773.95,2024-08-19
6879,534.0,P013,S04,7,4416.59,2026-01-01
6880,991.0,P027,S02,1,4943.64,2026-01-08
6881,736.0,P034,S02,8,2816.4,2024-10-18
6882,981.0,P005,S05,6,1793.02,2025-01-21
6883,157.0,P024,S05,5,3412.09,2026-01-06
6884,258.0,P065,S04,5,855.52,2025-12-25
6885,893.0,P007,S05,10,904.86,2025-07-02
6886,1968.0,P003,S01,8,1112.85,2025-01-22
6887,1670.0,P037,S04,3,303.26,2025-02-02
6888,936.0,P019,S04,5,1470.89,2025-07-18
6889,1089.0,P020,S05,6,4399.13,2025-08-22
6890,1927.0,P051,S02,4,1604.65,2025-03-10
6891,959.0,P060,S02,8,223.65,2025-11-22
6892,1873.0,P024,S04,6,2604.8,2024-11-09
6893,976.0,P096,S01,3,2985.18,2024-09-12
6894,1367.0,P053,S03,3,1443.44,2025-10-07
6895,1977.0,P005,S03,6,2788.27,2026-05-02
6896,763.0,P047,S01,1,964.06,2025-03-01
6897,813.0,P016,S05,10,1026.58,2025-12-03
6898,461.0,P039,S05,4,1616.04,2025-06-08
6899,455.0,P040,S04,7,3619.3,2026-02-05
6900,1428.0,P086,S01,1,2041.53,2026-05-08
6901,656.0,P024,S03,10,1569.57,2024-09-30
6902,711.0,P024,S04,10,3656.23,2025-09-27
6903,680.0,P035,S01,1,4003.76,2025-07-10
6904,339.0,P068,S05,2,4226.33,2025-10-01
6905,754.0,P052,S01,1,4928.24,2025-02-07
6906,985.0,P082,S02,6,4442.41,2025-12-09
6907,1739.0,P067,S05,4,4279.25,2024-09-01
6908,1803.0,P059,S05,10,1511.69,2024-06-27
6909,1607.0,P064,S03,3,2410.71,2025-01-07
6910,1944.0,P060,S05,5,933.18,2024-09-10
6911,933.0,P097,S02,6,518.45,2026-05-04
6912,1246.0,P062,S02,2,1329.7,2024-08-07
6913,215.0,P013,S03,10,1155.79,2025-11-25
6914,406.0,P069,S03,1,704.08,2025-08-28
6915,1784.0,P010,S03,7,3601.28,2025-09-30
6916,454.0,P075,S02,2,3200.8,2026-02-12
6917,1535.0,P037,S03,2,873.31,2024-10-27
6918,1464.0,P065,S02,9,4585.08,2024-12-03
6919,1135.0,P077,S01,1,1076.09,2026-05-04
6920,167.0,P021,S01,5,4667.32,2025-08-03
6921,1930.0,P010,S01,2,4284.03,2024-07-01
6922,1837.0,P074,S03,9,135.97,2024-06-09
6923,671.0,P057,S03,8,353.5,2026-05-26
6924,1028.0,P094,S01,7,2290.26,2025-11-23
6925,820.0,P047,S04,7,1652.03,2025-06-07
6926,949.0,P040,S02,8,2418.11,2025-03-04
6927,690.0,P092,S03,1,4454.99,2025-10-01
6928,730.0,P039,S02,5,2333.03,2025-05-18
6929,143.0,P035,S05,3,924.75,2025-06-02
6930,187.0,P004,S02,5,3791.55,2025-06-18
6931,97.0,P028,S04,6,704.39,2026-01-06
6932,881.0,P018,S05,9,4881.21,2025-09-15
6933,48.0,P033,S05,7,435.26,2024-06-13
6934,1016.0,P092,S02,1,3543.65,2025-07-03
6935,853.0,P012,S05,3,350.94,2024-11-23
6936,164.0,P042,S01,2,2783.55,2024-12-31
6937,1404.0,P037,S04,9,771.35,2025-03-04
6938,1591.0,P055,S05,7,1809.0,2025-09-06
6939,5.0,P009,S04,7,1989.69,2024-08-06
6940,396.0,P018,S01,1,4772.78,2026-01-20
6941,567.0,P062,S02,9,4200.03,2025-09-12
6942,60.0,P020,S05,9,4053.91,2026-03-08
6943,239.0,P036,S01,5,403.91,2025-10-10
6944,1154.0,P038,S01,3,990.63,2025-05-13
6945,855.0,P088,S03,6,974.72,2025-07-07
6946,1743.0,P076,S02,1,794.89,2026-04-16
6947,789.0,P066,S02,8,406.95,2026-03-17
6948,1426.0,P031,S05,10,3257.54,2024-09-16
6949,1721.0,P085,S04,10,200.97,2024-10-07
6950,772.0,P038,S02,1,4707.62,2024-09-03
6951,835.0,P079,S03,3,4972.18,2024-08-30
6952,695.0,P049,S02,4,2286.15,2024-11-28
6953,1647.0,P018,S05,8,769.49,2024-09-19
6954,1431.0,P082,S04,9,4358.16,2026-02-08
6955,1331.0,P084,S02,10,1425.74,2024-11-09
6956,450.0,P055,S02,9,1189.56,2026-03-13
6957,901.0,P100,S04,1,3726.22,2026-01-30
6958,1773.0,P083,S02,10,2858.14,2025-09-16
6959,1704.0,P028,S05,9,892.34,2025-05-15
6960,740.0,P049,S01,6,2144.51,2024-11-12
6961,966.0,P045,S01,9,3746.89,2024-10-28
6962,67.0,P094,S05,10,4317.0,2025-03-07
6963,1964.0,P093,S05,5,996.89,2024-10-25
6964,1106.0,P057,S04,10,1338.53,2025-11-20
6965,726.0,P074,S01,5,483.67,2026-01-10
6966,352.0,P069,S05,7,4243.15,2026-04-17
6967,1970.0,P095,S01,6,2151.88,2026-05-15
6968,43.0,P049,S03,9,4817.19,2026-03-06
6969,308.0,P014,S03,10,3058.87,2025-05-29
6970,1331.0,P075,S04,4,1680.41,2024-08-08
6971,233.0,P097,S05,4,3192.32,2025-08-16
6972,596.0,P014,S02,10,3910.1,2025-04-19
6973,662.0,P027,S05,3,2870.08,2025-06-19
6974,1697.0,P099,S01,8,3548.43,2026-02-07
6975,172.0,P016,S02,10,3171.72,2026-03-27
6976,1823.0,P008,S03,3,4968.01,2024-10-27
6977,805.0,P018,S04,4,1196.35,2024-12-10
6978,400.0,P095,S02,3,4023.28,2026-01-29
6979,1879.0,P095,S03,3,4466.47,2025-02-21
6980,1491.0,P055,S05,7,3920.43,2024-07-16
6981,122.0,P057,S03,10,368.79,2024-12-15
6982,1741.0,P022,S03,10,3474.54,2025-04-27
6983,1562.0,P015,S02,2,1294.8,2025-12-20
6984,1557.0,P030,S02,4,2791.55,2026-05-13
6985,781.0,P007,S02,10,2440.14,2025-04-19
6986,1982.0,P026,S01,3,4098.74,2025-06-06
6987,1344.0,P058,S02,10,679.2,2024-12-13
6988,1985.0,P006,S05,6,2845.32,2025-03-26
6989,1364.0,P091,S02,2,1315.08,2024-10-15
6990,1628.0,P021,S02,1,3448.59,2026-03-29
6991,1682.0,P038,S01,4,2253.33,2025-12-11
6992,885.0,P081,S01,10,1121.0,2025-08-11
6993,1372.0,P066,S01,3,2588.25,2025-11-10
6994,419.0,P068,S01,9,2144.56,2025-04-29
6995,1609.0,P054,S03,5,2120.28,2024-10-22
6996,1604.0,P053,S04,1,282.92,2025-04-29
6997,678.0,P089,S03,1,3779.2,2025-07-08
6998,1290.0,P056,S02,1,326.48,2025-12-29
6999,201.0,P019,S01,9,365.24,2025-04-02
7000,178.0,P017,S04,8,1628.39,2026-05-11
7001,559.0,P082,S04,6,1278.2,2024-09-29
7002,1235.0,P036,S03,7,3904.91,2026-02-23
7003,1982.0,P061,S01,6,1601.09,2025-03-26
7004,399.0,P055,S01,1,1051.72,2026-03-13
7005,295.0,P028,S04,5,3529.6,2026-01-18
7006,1890.0,P047,S02,1,1592.24,2026-02-16
7007,1430.0,P067,S02,9,1229.72,2025-01-15
7008,406.0,P082,S01,7,3595.39,2026-03-10
7009,352.0,P084,S02,5,1107.32,2024-10-17
7010,1318.0,P090,S02,9,674.34,2024-10-07
7011,1268.0,P045,S03,9,4004.92,2025-07-07
7012,1746.0,P023,S02,6,2900.91,2026-03-05
7013,667.0,P030,S01,2,4575.24,2025-08-02
7014,289.0,P097,S04,5,257.67,2024-11-23
7015,1947.0,P040,S02,8,1563.09,2025-09-06
7016,738.0,P088,S02,4,4785.2,2024-09-29
7017,334.0,P046,S03,8,2937.53,2026-05-17
7018,719.0,P029,S03,4,1758.45,2025-06-01
7019,31.0,P076,S03,6,3647.21,2026-05-11
7020,131.0,P092,S02,9,4541.22,2025-11-25
7021,1212.0,P019,S03,8,3228.61,2026-04-12
7022,1344.0,P048,S05,9,1504.19,2024-07-16
7023,266.0,P071,S04,3,2935.27,2024-11-25
7024,261.0,P074,S05,3,769.0,2025-03-10
7025,501.0,P069,S03,3,4124.47,2025-05-26
7026,1748.0,P061,S04,4,1668.44,2025-04-05
7027,493.0,P025,S04,7,3207.9,2025-01-26
7028,347.0,P044,S01,8,4108.11,2026-05-09
7029,746.0,P005,S04,2,2692.52,2024-08-16
7030,226.0,P062,S04,8,1831.98,2026-05-06
7031,1416.0,P017,S05,2,2537.67,2025-05-23
7032,1852.0,P061,S01,6,725.88,2024-08-23
7033,1070.0,P013,S01,7,1463.77,2025-04-01
7034,34.0,P024,S04,5,369.38,2025-01-14
7035,1123.0,P090,S03,2,606.94,2025-12-18
7036,1412.0,P059,S05,4,2157.58,2025-09-26
7037,321.0,P064,S03,7,1014.66,2024-09-11
7038,1915.0,P091,S05,5,4324.01,2026-04-28
7039,1838.0,P099,S05,9,3545.22,2025-02-23
7040,1579.0,P057,S02,7,4807.2,2025-02-19
7041,904.0,P021,S02,1,4286.82,2024-11-15
7042,541.0,P040,S01,4,4448.71,2025-08-05
7043,1128.0,P025,S03,6,138.16,2026-05-11
7044,444.0,P043,S04,2,4963.58,2025-10-08
7045,832.0,P018,S01,4,1227.78,2024-10-29
7046,1411.0,P077,S03,6,3858.15,2026-04-27
7047,431.0,P066,S02,1,2669.14,2025-10-17
7048,332.0,P047,S03,7,1003.25,2024-10-01
7049,1746.0,P010,S02,10,3051.91,2025-03-15
7050,894.0,P077,S02,7,4258.18,2025-11-14
7051,1739.0,P091,S05,2,3633.9,2024-12-15
7052,1004.0,P073,S03,7,3220.74,2024-06-25
7053,1946.0,P098,S03,7,1136.55,2024-11-03
7054,1757.0,P001,S02,7,1640.15,2026-04-19
7055,1151.0,P067,S02,7,589.68,2025-12-13
7056,1855.0,P049,S03,6,3945.32,2025-02-02
7057,745.0,P098,S03,3,4108.57,2025-10-11
7058,1156.0,P072,S04,2,4014.9,2025-08-08
7059,1455.0,P085,S04,9,1707.47,2025-02-05
7060,985.0,P086,S05,1,3045.25,2026-04-19
7061,465.0,P084,S02,10,471.11,2025-08-09
7062,583.0,P034,S05,8,3637.01,2025-11-09
7063,145.0,P020,S02,3,1047.0,2025-05-07
7064,1706.0,P062,S03,8,4821.23,2026-05-27
7065,949.0,P076,S05,2,3720.57,2025-09-23
7066,1678.0,P073,S04,8,2323.06,2025-02-04
7067,1282.0,P089,S02,1,2705.31,2025-12-24
7068,462.0,P080,S03,6,1865.0,2026-04-26
7069,1793.0,P014,S05,1,3791.59,2024-11-04
7070,1349.0,P049,S04,1,2134.19,2024-10-30
7071,1945.0,P072,S03,6,2354.71,2026-04-19
7072,803.0,P029,S03,9,2040.61,2025-04-09
7073,327.0,P029,S02,2,4818.08,2025-06-13
7074,1263.0,P032,S04,2,1432.38,2024-11-04
7075,305.0,P095,S05,7,2324.02,2025-11-21
7076,85.0,P029,S02,5,1312.36,2025-11-23
7077,1716.0,P028,S02,1,3174.1,2026-02-02
7078,1645.0,P069,S04,6,4521.98,2025-12-02
7079,1391.0,P019,S05,4,2056.01,2025-11-30
7080,1257.0,P031,S03,9,1983.07,2024-12-11
7081,61.0,P020,S03,3,2210.96,2024-09-04
7082,764.0,P034,S04,3,2655.03,2025-08-02
7083,1703.0,P100,S02,2,3658.22,2024-10-23
7084,1443.0,P010,S03,6,3241.72,2024-12-05
7085,3.0,P072,S02,10,827.26,2025-09-02
7086,224.0,P052,S01,7,3174.27,2024-07-30
7087,1300.0,P053,S05,7,597.4,2025-07-26
7088,547.0,P012,S05,4,3939.35,2026-04-17
7089,1385.0,P080,S03,2,3847.27,2024-07-07
7090,1306.0,P019,S05,2,228.8,2025-06-02
7091,78.0,P040,S03,9,3796.41,2026-04-19
7092,1635.0,P014,S03,9,4048.6,2024-10-27
7093,1690.0,P014,S02,4,4422.32,2025-04-25
7094,1153.0,P075,S04,4,722.31,2025-07-19
7095,288.0,P048,S02,2,717.01,2025-07-26
7096,1591.0,P083,S02,2,4681.59,2026-02-10
7097,160.0,P072,S04,3,4440.92,2026-03-04
7098,1691.0,P071,S02,9,3367.09,2025-01-25
7099,17.0,P052,S05,6,3113.07,2026-06-09
7100,1104.0,P036,S02,7,250.91,2024-09-10
7101,701.0,P081,S02,1,1735.69,2025-08-04
7102,1486.0,P053,S02,5,3529.81,2026-04-20
7103,1457.0,P084,S05,9,4261.74,2025-10-05
7104,799.0,P070,S05,9,4183.86,2025-11-10
7105,1547.0,P002,S05,6,1594.79,2024-11-22
7106,502.0,P050,S04,2,3770.61,2025-05-15
7107,1373.0,P036,S02,2,1525.29,2024-12-15
7108,625.0,P003,S04,3,3662.74,2024-08-02
7109,1237.0,P091,S02,10,2652.22,2024-11-28
7110,1034.0,P082,S02,9,928.42,2024-10-28
7111,1965.0,P047,S05,7,2385.89,2025-03-05
7112,990.0,P004,S04,7,3852.86,2026-03-11
7113,151.0,P075,S04,8,3630.98,2025-12-11
7114,1015.0,P005,S04,6,3583.49,2026-02-08
7115,837.0,P083,S01,2,4303.32,2025-01-09
7116,1784.0,P074,S01,10,4083.76,2026-05-15
7117,127.0,P081,S03,5,1670.98,2024-08-21
7118,903.0,P084,S04,10,1932.77,2026-05-23
7119,1664.0,P084,S04,1,4587.1,2024-06-16
7120,1468.0,P056,S01,5,978.76,2025-12-18
7121,1384.0,P044,S02,1,4636.26,2024-07-04
7122,1434.0,P027,S01,6,541.11,2024-12-19
7123,97.0,P043,S02,9,1941.53,2025-01-03
7124,928.0,P053,S03,4,3560.18,2026-01-17
7125,480.0,P045,S01,6,670.01,2025-10-22
7126,1783.0,P004,S02,10,2225.9,2026-05-13
7127,1079.0,P029,S04,1,2044.39,2024-10-11
7128,971.0,P076,S03,9,1267.43,2026-03-05
7129,111.0,P072,S05,3,2672.01,2025-01-24
7130,856.0,P015,S01,9,3594.91,2024-11-20
7131,1091.0,P056,S01,7,3102.9,2025-08-29
7132,91.0,P058,S02,8,3380.29,2025-11-23
7133,1314.0,P048,S05,9,1751.33,2024-09-19
7134,1674.0,P087,S02,7,2496.27,2025-02-15
7135,1032.0,P090,S03,5,3603.16,2026-04-26
7136,1799.0,P042,S03,1,860.62,2025-12-26
7137,336.0,P082,S04,4,4114.61,2025-10-11
7138,271.0,P084,S03,3,3903.94,2025-09-17
7139,76.0,P018,S04,7,2910.38,2025-08-22
7140,1677.0,P099,S04,9,366.77,2025-08-26
7141,154.0,P014,S01,5,2576.41,2025-05-05
7142,278.0,P082,S02,1,3634.21,2024-07-27
7143,823.0,P007,S03,6,888.81,2025-07-07
7144,1279.0,P080,S01,10,2652.77,2024-08-16
7145,1784.0,P093,S01,9,1012.36,2025-04-10
7146,134.0,P036,S05,5,1451.17,2024-10-07
7147,149.0,P070,S04,2,1910.11,2024-09-10
7148,1309.0,P070,S05,4,1675.72,2024-10-18
7149,1614.0,P054,S01,5,4223.38,2026-01-26
7150,938.0,P035,S01,6,2575.45,2025-08-23
7151,541.0,P086,S03,4,1258.61,2024-11-04
7152,1594.0,P057,S05,8,4214.58,2026-06-08
7153,1757.0,P080,S01,8,4316.99,2024-06-26
7154,1795.0,P025,S05,5,1796.68,2024-12-26
7155,1770.0,P012,S04,2,3762.72,2024-12-11
7156,1515.0,P029,S05,6,4397.97,2024-11-11
7157,1392.0,P027,S05,4,2921.99,2025-12-04
7158,728.0,P067,S05,1,1355.66,2025-08-30
7159,887.0,P023,S05,3,1980.21,2026-01-04
7160,818.0,P093,S05,8,585.64,2024-07-26
7161,761.0,P025,S05,9,4452.86,2025-08-22
7162,1444.0,P089,S05,5,1651.72,2025-11-24
7163,681.0,P076,S02,4,1323.39,2025-01-22
7164,1869.0,P090,S04,9,2994.19,2024-09-27
7165,736.0,P038,S01,5,3642.33,2026-02-07
7166,1754.0,P007,S01,4,4830.23,2026-02-08
7167,1646.0,P037,S01,8,4484.11,2026-06-03
7168,111.0,P061,S01,6,631.75,2024-06-25
7169,1038.0,P051,S04,4,2945.11,2024-12-03
7170,702.0,P041,S02,9,4581.82,2025-02-21
7171,1235.0,P012,S01,3,3813.07,2025-03-30
7172,768.0,P030,S02,6,1385.15,2025-03-08
7173,139.0,P009,S05,2,2239.52,2025-03-21
7174,1120.0,P061,S02,6,4593.88,2025-11-14
7175,1015.0,P080,S04,9,2134.57,2026-05-28
7176,540.0,P094,S04,2,1362.38,2026-04-04
7177,840.0,P006,S01,2,3706.66,2025-12-24
7178,733.0,P099,S01,8,4529.26,2026-05-10
7179,1609.0,P065,S01,2,388.77,2024-12-15
7180,107.0,P032,S01,5,4164.5,2026-03-04
7181,1401.0,P034,S03,2,4161.57,2025-05-01
7182,748.0,P063,S03,2,669.8,2025-04-29
7183,1632.0,P040,S05,5,4873.92,2026-04-28
7184,968.0,P001,S04,8,2300.25,2026-01-18
7185,1588.0,P096,S02,5,3492.2,2025-02-13
7186,452.0,P075,S02,10,486.68,2025-03-28
7187,1733.0,P021,S01,9,1861.51,2025-10-22
7188,1630.0,P068,S03,10,2397.03,2025-11-18
7189,1836.0,P072,S02,6,4701.72,2026-02-12
7190,581.0,P014,S03,3,1729.09,2024-07-15
7191,755.0,P034,S02,10,4863.15,2025-11-11
7192,521.0,P059,S02,4,2056.76,2026-06-06
7193,743.0,P037,S02,5,1991.56,2025-12-28
7194,1810.0,P049,S05,4,1972.26,2025-11-22
7195,1374.0,P020,S02,6,833.82,2026-04-20
7196,575.0,P031,S04,2,4565.14,2025-03-26
7197,1292.0,P012,S03,6,2884.99,2026-01-18
7198,1420.0,P069,S04,10,868.5,2026-05-27
7199,1475.0,P020,S05,7,3090.25,2025-08-20
7200,274.0,P047,S01,2,2304.69,2024-08-22
7201,797.0,P031,S02,9,652.73,2024-09-12
7202,1974.0,P017,S01,1,3234.59,2025-07-03
7203,1984.0,P045,S03,3,2411.42,2024-08-21
7204,1552.0,P047,S05,5,1992.81,2025-12-28
7205,683.0,P020,S01,3,588.29,2024-07-23
7206,271.0,P078,S02,4,1055.36,2026-03-18
7207,1470.0,P099,S01,8,3787.04,2025-11-11
7208,486.0,P033,S01,6,1073.04,2025-05-02
7209,1659.0,P034,S02,3,3934.78,2025-11-14
7210,1710.0,P083,S05,8,4064.43,2025-04-21
7211,914.0,P050,S02,5,1855.06,2025-11-24
7212,118.0,P087,S03,6,583.59,2025-04-07
7213,275.0,P074,S05,8,4929.79,2024-11-01
7214,540.0,P018,S05,10,3220.08,2026-04-10
7215,1676.0,P056,S04,8,1346.68,2025-02-15
7216,1295.0,P038,S04,4,396.6,2026-03-03
7217,1852.0,P074,S02,6,305.12,2025-07-03
7218,509.0,P058,S02,1,2024.95,2024-07-20
7219,1981.0,P039,S01,7,3413.81,2024-12-05
7220,1896.0,P026,S03,6,313.75,2026-05-18
7221,276.0,P003,S01,5,1264.08,2025-02-01
7222,62.0,P019,S02,2,572.13,2026-05-03
7223,169.0,P021,S03,6,2571.35,2025-07-07
7224,1910.0,P055,S02,8,4070.43,2025-02-12
7225,1777.0,P016,S02,6,1231.59,2025-04-01
7226,844.0,P011,S02,4,4917.13,2026-02-13
7227,799.0,P099,S03,3,1203.63,2025-07-02
7228,611.0,P058,S03,4,1604.11,2026-04-08
7229,1579.0,P050,S02,8,483.39,2026-04-14
7230,1015.0,P096,S03,6,4098.15,2025-01-21
7231,1168.0,P028,S01,5,981.44,2026-03-25
7232,1423.0,P060,S02,5,2294.59,2026-04-20
7233,1140.0,P041,S01,5,4762.91,2024-11-15
7234,1699.0,P055,S03,6,3236.58,2024-11-17
7235,1900.0,P015,S05,5,2315.3,2025-08-11
7236,37.0,P046,S02,2,537.88,2024-12-31
7237,1102.0,P023,S04,9,951.19,2026-06-06
7238,704.0,P090,S02,8,2855.18,2025-06-30
7239,1610.0,P063,S04,5,1217.99,2025-01-09
7240,655.0,P073,S05,10,2867.69,2025-06-25
7241,1547.0,P090,S04,1,2462.85,2024-09-26
7242,1147.0,P093,S02,5,1373.89,2024-09-10
7243,1281.0,P078,S05,10,2482.52,2024-12-08
7244,725.0,P038,S04,10,723.55,2024-09-22
7245,876.0,P009,S04,10,1097.36,2025-07-26
7246,1167.0,P011,S01,3,474.94,2025-07-17
7247,1208.0,P088,S01,1,2031.71,2025-07-26
7248,1774.0,P097,S01,2,507.44,2026-01-12
7249,332.0,P076,S02,10,3405.76,2024-10-27
7250,1513.0,P003,S01,10,4875.98,2025-09-27
7251,1547.0,P040,S01,9,3651.13,2025-02-23
7252,1074.0,P094,S01,8,2337.99,2026-01-11
7253,258.0,P033,S05,3,2309.92,2024-06-26
7254,813.0,P016,S04,5,1879.21,2024-07-20
7255,348.0,P078,S02,8,3648.06,2025-01-14
7256,981.0,P066,S01,7,2085.22,2026-05-22
7257,1838.0,P081,S03,10,2950.98,2025-08-25
7258,1145.0,P082,S01,1,1554.1,2025-11-04
7259,1036.0,P075,S01,4,652.34,2025-10-12
7260,1780.0,P010,S01,3,1019.1,2025-06-18
7261,1945.0,P052,S03,9,4235.41,2024-10-27
7262,1780.0,P088,S01,1,4596.73,2025-04-16
7263,338.0,P015,S03,5,3810.63,2025-01-03
7264,1855.0,P089,S05,8,1014.57,2026-05-18
7265,1727.0,P076,S02,3,2749.54,2024-07-23
7266,1947.0,P040,S04,4,1730.04,2024-07-01
7267,1848.0,P004,S04,5,4874.0,2026-03-03
7268,1442.0,P015,S01,3,123.44,2024-10-20
7269,245.0,P040,S02,8,3503.4,2026-04-13
7270,1550.0,P067,S05,7,4635.21,2026-05-20
7271,450.0,P094,S03,2,2694.27,2025-08-04
7272,178.0,P024,S01,5,320.8,2025-06-14
7273,1052.0,P028,S02,2,4547.06,2024-12-09
7274,381.0,P080,S04,9,2367.0,2026-05-27
7275,1223.0,P077,S05,5,1867.84,2024-10-14
7276,22.0,P059,S03,10,1948.03,2024-10-27
7277,1356.0,P008,S03,5,4571.01,2024-11-09
7278,718.0,P007,S02,3,4698.85,2026-05-23
7279,1855.0,P082,S02,5,3732.85,2025-05-08
7280,1151.0,P049,S02,4,4822.77,2025-03-25
7281,130.0,P087,S05,1,3554.06,2025-11-10
7282,394.0,P087,S03,6,4000.15,2026-03-18
7283,501.0,P088,S04,8,227.71,2024-11-27
7284,1639.0,P099,S01,9,4138.96,2025-05-14
7285,1196.0,P018,S02,6,4968.89,2025-05-06
7286,1170.0,P006,S04,3,2996.63,2024-12-04
7287,209.0,P016,S05,9,3801.58,2026-05-11
7288,1193.0,P065,S05,8,2211.34,2025-04-09
7289,41.0,P018,S01,7,2125.27,2026-04-19
7290,64.0,P071,S03,2,692.27,2026-04-01
7291,1274.0,P086,S02,2,429.5,2025-03-04
7292,256.0,P042,S03,3,4890.96,2024-09-04
7293,582.0,P069,S02,8,662.28,2024-10-21
7294,373.0,P087,S03,8,2151.97,2024-08-08
7295,20.0,P067,S03,9,4537.9,2025-11-21
7296,458.0,P066,S02,7,926.97,2024-07-29
7297,1212.0,P003,S04,4,4526.39,2026-01-03
7298,645.0,P042,S02,5,739.59,2025-03-02
7299,514.0,P039,S03,10,2383.46,2025-12-08
7300,427.0,P100,S03,2,705.37,2024-10-05
7301,330.0,P043,S03,8,3947.01,2024-08-30
7302,633.0,P066,S02,1,1656.4,2026-05-12
7303,674.0,P017,S02,9,3661.56,2025-12-06
7304,1670.0,P027,S04,8,2461.46,2025-06-20
7305,676.0,P079,S04,3,4888.48,2025-01-12
7306,1617.0,P046,S01,2,2931.17,2025-03-17
7307,1098.0,P051,S03,3,2808.95,2025-10-08
7308,895.0,P031,S03,6,4520.11,2025-07-31
7309,1144.0,P082,S03,5,116.46,2025-11-13
7310,34.0,P067,S01,7,3004.89,2026-01-18
7311,1455.0,P055,S02,5,1061.21,2026-04-30
7312,1042.0,P006,S01,1,2220.75,2025-09-19
7313,1621.0,P073,S04,1,1224.2,2024-12-16
7314,1438.0,P032,S01,8,2492.74,2025-08-27
7315,917.0,P032,S04,7,3458.6,2025-05-10
7316,868.0,P041,S02,3,2125.3,2026-03-25
7317,926.0,P040,S01,10,2735.69,2025-05-23
7318,1534.0,P082,S01,3,1437.04,2025-09-06
7319,1935.0,P026,S04,7,1570.44,2025-03-06
7320,984.0,P027,S01,9,4534.61,2025-04-13
7321,1144.0,P038,S02,5,2282.29,2025-08-22
7322,329.0,P035,S02,8,1838.52,2025-03-11
7323,1091.0,P006,S02,6,4263.48,2025-07-21
7324,1616.0,P060,S02,3,4049.38,2026-04-18
7325,607.0,P087,S02,5,4839.56,2024-07-26
7326,70.0,P029,S05,1,3093.0,2026-03-16
7327,656.0,P080,S04,3,203.64,2024-06-17
7328,144.0,P055,S04,6,175.78,2025-09-03
7329,942.0,P038,S04,1,2144.77,2026-04-02
7330,653.0,P081,S03,3,1850.25,2026-04-02
7331,708.0,P004,S05,2,4788.88,2024-07-03
7332,1813.0,P016,S01,8,1334.08,2025-01-08
7333,606.0,P069,S01,2,1281.91,2025-04-08
7334,74.0,P033,S04,1,4336.48,2024-11-01
7335,619.0,P077,S02,4,3461.93,2025-03-25
7336,1118.0,P015,S01,4,1536.15,2025-09-17
7337,1832.0,P019,S05,9,1747.76,2025-08-06
7338,243.0,P020,S03,3,3686.66,2026-05-28
7339,669.0,P064,S05,3,1622.35,2025-05-12
7340,1789.0,P090,S01,3,175.27,2025-05-27
7341,531.0,P098,S04,3,2808.78,2024-10-29
7342,1122.0,P019,S02,3,114.4,2025-09-05
7343,874.0,P028,S05,4,3459.18,2025-05-09
7344,1755.0,P078,S01,3,365.4,2025-08-07
7345,1846.0,P022,S02,6,444.3,2025-08-09
7346,1580.0,P063,S02,9,2228.38,2025-01-31
7347,863.0,P009,S02,10,779.22,2024-12-29
7348,36.0,P098,S04,2,3742.21,2026-01-15
7349,912.0,P080,S01,1,2704.35,2024-07-31
7350,975.0,P064,S01,9,2721.56,2024-06-25
7351,553.0,P064,S03,4,792.54,2026-02-02
7352,627.0,P050,S05,10,3456.5,2025-05-26
7353,1344.0,P099,S03,3,2412.05,2024-12-23
7354,1713.0,P100,S02,3,800.86,2024-08-23
7355,388.0,P070,S01,3,3971.0,2024-11-24
7356,1413.0,P069,S02,4,4448.19,2024-10-21
7357,1678.0,P053,S03,10,975.51,2024-10-07
7358,105.0,P022,S01,6,3862.64,2025-07-24
7359,1875.0,P003,S05,6,190.52,2024-11-18
7360,534.0,P002,S02,7,928.22,2025-07-15
7361,583.0,P075,S01,4,664.18,2025-01-20
7362,1703.0,P045,S04,1,3286.39,2025-09-03
7363,1924.0,P013,S02,5,2140.14,2026-03-11
7364,1904.0,P056,S05,5,2422.39,2025-02-27
7365,366.0,P096,S02,1,4910.56,2025-09-25
7366,728.0,P080,S04,3,2640.31,2025-03-08
7367,1559.0,P090,S03,9,2865.68,2024-09-23
7368,44.0,P100,S03,9,1154.02,2024-09-03
7369,223.0,P100,S02,5,2049.32,2026-01-11
7370,289.0,P083,S02,1,3266.77,2025-09-04
7371,1810.0,P030,S04,2,1104.44,2024-09-27
7372,526.0,P053,S02,5,649.44,2025-11-08
7373,1023.0,P081,S04,6,3236.22,2024-10-29
7374,824.0,P078,S04,9,1028.29,2024-08-26
7375,92.0,P029,S04,7,4423.17,2025-10-25
7376,660.0,P067,S04,9,698.26,2025-09-13
7377,1216.0,P074,S01,5,3451.46,2026-04-24
7378,181.0,P060,S03,3,4432.42,2024-09-18
7379,1503.0,P051,S03,2,2788.44,2025-09-27
7380,349.0,P031,S04,4,1615.6,2026-03-10
7381,1502.0,P078,S04,3,124.18,2026-05-12
7382,664.0,P047,S05,5,1759.9,2026-03-26
7383,1206.0,P086,S04,4,361.25,2024-09-22
7384,77.0,P056,S05,8,1729.95,2026-01-09
7385,174.0,P076,S01,10,4072.72,2024-08-01
7386,1820.0,P073,S04,1,3822.88,2026-06-07
7387,1523.0,P060,S02,1,2929.57,2025-08-15
7388,1634.0,P054,S04,2,4396.84,2025-09-30
7389,991.0,P015,S05,2,3903.24,2025-12-21
7390,830.0,P047,S01,1,1923.47,2025-06-03
7391,364.0,P011,S04,8,607.41,2026-02-20
7392,1674.0,P100,S01,4,540.0,2025-03-10
7393,715.0,P089,S05,8,1267.41,2025-04-22
7394,999.0,P083,S02,2,2151.35,2026-03-06
7395,615.0,P026,S01,3,1971.14,2026-05-03
7396,184.0,P085,S01,8,4754.91,2025-11-24
7397,1512.0,P100,S04,7,4911.58,2025-08-06
7398,54.0,P081,S04,1,4370.45,2024-12-18
7399,700.0,P007,S01,5,1871.83,2025-09-25
7400,896.0,P046,S02,3,328.08,2026-01-01
7401,1423.0,P089,S02,4,256.95,2025-11-14
7402,1180.0,P022,S02,1,1342.1,2026-01-10
7403,196.0,P026,S05,4,3306.89,2026-01-30
7404,1828.0,P003,S02,1,1237.39,2025-05-26
7405,1822.0,P007,S03,1,4892.17,2025-03-10
7406,1882.0,P063,S04,5,1237.01,2025-08-13
7407,1355.0,P048,S05,10,4165.73,2025-04-04
7408,1021.0,P011,S05,6,2502.03,2024-10-21
7409,1317.0,P015,S05,7,392.96,2025-07-30
7410,643.0,P057,S01,1,843.62,2026-05-26
7411,606.0,P023,S01,2,2737.43,2024-12-30
7412,1520.0,P074,S04,4,2343.55,2025-10-14
7413,17.0,P042,S03,9,435.76,2025-02-22
7414,1199.0,P016,S05,7,3780.83,2026-06-06
7415,854.0,P057,S05,4,2348.04,2025-10-11
7416,1646.0,P072,S01,10,1978.91,2024-09-22
7417,970.0,P084,S03,5,3567.36,2026-04-18
7418,972.0,P032,S01,2,513.85,2024-07-14
7419,51.0,P032,S02,5,2146.05,2024-10-08
7420,1364.0,P015,S05,8,2223.69,2024-11-24
7421,479.0,P039,S01,6,4509.92,2025-09-13
7422,555.0,P051,S03,2,2936.85,2025-02-02
7423,1780.0,P088,S04,7,3977.38,2026-05-14
7424,969.0,P039,S05,7,1665.45,2025-08-10
7425,38.0,P084,S05,10,4567.05,2025-03-04
7426,1018.0,P078,S04,1,1843.66,2025-10-11
7427,434.0,P020,S01,5,1755.79,2026-05-13
7428,695.0,P073,S01,8,1012.15,2024-08-01
7429,1672.0,P076,S05,7,665.6,2025-11-15
7430,22.0,P048,S02,2,4960.11,2025-01-29
7431,767.0,P051,S04,9,1948.7,2025-06-29
7432,1352.0,P009,S04,7,2052.84,2026-02-23
7433,1996.0,P058,S05,1,3968.64,2024-11-08
7434,1598.0,P023,S05,2,2526.51,2025-08-30
7435,1738.0,P007,S03,8,3790.31,2025-07-09
7436,478.0,P025,S01,8,1976.53,2026-01-31
7437,1140.0,P065,S03,6,1179.12,2026-05-23
7438,733.0,P055,S04,8,4455.33,2026-05-27
7439,837.0,P064,S02,10,3995.3,2026-01-30
7440,1029.0,P075,S02,3,599.66,2024-09-01
7441,1584.0,P085,S03,5,1156.64,2025-01-05
7442,298.0,P027,S02,5,3222.69,2024-07-02
7443,90.0,P064,S01,7,1032.62,2025-01-13
7444,646.0,P035,S02,7,2630.05,2025-07-21
7445,1648.0,P024,S05,4,4894.17,2026-01-21
7446,1113.0,P020,S05,2,4176.57,2025-11-11
7447,523.0,P073,S03,5,4761.21,2025-05-16
7448,728.0,P020,S02,1,466.07,2025-05-04
7449,1954.0,P083,S01,7,4077.56,2025-04-20
7450,1555.0,P058,S04,8,299.52,2025-02-17
7451,670.0,P016,S05,1,3157.18,2025-10-15
7452,905.0,P042,S03,3,946.55,2025-05-23
7453,1927.0,P025,S02,1,3285.75,2025-08-26
7454,924.0,P005,S01,6,4630.0,2025-12-11
7455,1941.0,P059,S01,5,2428.79,2024-07-15
7456,304.0,P086,S02,2,3836.81,2026-03-01
7457,685.0,P054,S01,8,4140.57,2025-08-06
7458,934.0,P036,S05,10,2250.75,2026-05-23
7459,176.0,P072,S04,9,1494.23,2025-11-14
7460,1099.0,P011,S04,3,2474.34,2026-02-21
7461,811.0,P047,S02,10,1314.54,2026-05-05
7462,538.0,P089,S02,5,3838.78,2025-10-14
7463,461.0,P051,S01,1,1115.4,2024-10-29
7464,1285.0,P095,S03,2,2379.9,2024-06-13
7465,1292.0,P068,S01,8,1758.59,2025-08-19
7466,502.0,P045,S03,4,888.63,2025-07-20
7467,619.0,P009,S01,2,2265.88,2025-03-15
7468,850.0,P015,S02,3,4755.32,2025-10-18
7469,587.0,P034,S01,6,710.08,2024-08-29
7470,1119.0,P004,S04,5,3359.55,2025-02-20
7471,419.0,P083,S02,4,1904.01,2024-11-11
7472,1797.0,P017,S05,7,4490.43,2025-02-14
7473,195.0,P028,S03,4,4139.35,2025-06-26
7474,1840.0,P016,S01,6,3044.77,2025-01-31
7475,151.0,P066,S01,5,2913.8,2025-07-31
7476,559.0,P063,S01,6,2855.49,2026-05-20
7477,471.0,P044,S04,4,2656.36,2025-12-04
7478,361.0,P060,S03,5,602.67,2024-12-25
7479,1682.0,P052,S02,2,1505.21,2026-01-20
7480,626.0,P089,S05,1,2382.59,2026-03-05
7481,339.0,P016,S05,3,4124.12,2025-01-26
7482,1080.0,P037,S02,6,4665.88,2025-03-02
7483,252.0,P090,S03,8,2930.76,2025-06-07
7484,260.0,P088,S04,8,2965.51,2024-07-16
7485,816.0,P043,S02,7,3894.79,2025-01-14
7486,1632.0,P034,S01,7,3438.01,2025-04-30
7487,311.0,P064,S01,2,726.38,2024-10-01
7488,108.0,P079,S02,4,1383.4,2025-06-02
7489,333.0,P048,S01,3,2372.66,2024-08-15
7490,638.0,P040,S05,8,2562.88,2025-04-17
7491,839.0,P019,S02,6,4023.45,2026-04-20
7492,1160.0,P096,S02,10,2019.01,2025-02-14
7493,1949.0,P083,S03,7,2081.94,2025-03-16
7494,754.0,P032,S01,7,2679.41,2025-08-22
7495,1941.0,P057,S03,2,1587.98,2026-02-01
7496,539.0,P064,S04,1,1496.33,2025-08-04
7497,1814.0,P021,S02,3,2270.49,2025-10-03
7498,1164.0,P079,S04,1,2362.55,2024-09-13
7499,442.0,P037,S04,2,1391.31,2025-12-30
7500,1554.0,P062,S03,4,276.52,2025-11-26
7501,933.0,P011,S04,7,4586.61,2025-02-15
7502,1056.0,P015,S02,9,748.23,2025-12-18
7503,1685.0,P085,S03,5,2318.97,2026-06-08
7504,1328.0,P044,S02,2,3873.54,2025-08-06
7505,1356.0,P007,S02,7,2286.76,2024-11-23
7506,1188.0,P051,S05,4,1189.35,2025-05-16
7507,1895.0,P001,S05,7,3938.92,2025-09-05
7508,1958.0,P057,S04,7,2391.18,2025-09-27
7509,1524.0,P100,S05,5,1175.76,2024-11-12
7510,228.0,P072,S05,6,1652.63,2024-09-13
7511,295.0,P011,S03,9,3046.25,2025-07-28
7512,1062.0,P025,S03,5,3436.23,2026-03-03
7513,951.0,P008,S04,1,798.46,2025-11-30
7514,1023.0,P032,S04,10,4643.06,2024-06-20
7515,124.0,P007,S04,7,1427.93,2024-07-20
7516,710.0,P022,S02,6,2611.63,2026-03-19
7517,1466.0,P028,S02,4,4190.19,2025-12-10
7518,980.0,P068,S01,4,2628.01,2024-11-12
7519,1969.0,P085,S04,10,517.26,2025-07-27
7520,1526.0,P100,S05,1,3219.99,2025-08-03
7521,516.0,P033,S01,9,3173.74,2025-01-11
7522,637.0,P016,S05,9,2257.3,2026-02-14
7523,1195.0,P084,S03,3,689.96,2024-07-01
7524,415.0,P076,S03,9,2205.28,2026-01-12
7525,861.0,P088,S05,6,2866.98,2024-10-17
7526,1928.0,P046,S04,1,2309.44,2024-09-11
7527,700.0,P086,S01,2,3097.62,2026-01-10
7528,770.0,P085,S02,8,3437.24,2024-10-31
7529,436.0,P021,S02,1,4115.33,2025-10-09
7530,47.0,P088,S03,4,3260.92,2025-09-24
7531,1893.0,P013,S02,7,4927.89,2025-02-24
7532,1370.0,P080,S05,1,769.65,2024-09-27
7533,1324.0,P097,S05,1,1520.4,2026-02-15
7534,1360.0,P023,S05,5,942.25,2024-09-06
7535,310.0,P090,S01,4,3811.24,2026-04-10
7536,1810.0,P030,S04,9,574.84,2025-11-19
7537,424.0,P072,S05,3,3046.72,2024-06-11
7538,1062.0,P091,S04,8,976.48,2024-08-16
7539,701.0,P065,S01,10,2263.97,2025-02-28
7540,1961.0,P092,S05,3,1820.38,2025-03-13
7541,1210.0,P077,S03,2,2836.01,2024-07-26
7542,1963.0,P086,S02,9,233.36,2025-08-15
7543,1792.0,P038,S03,4,4944.8,2025-02-18
7544,1236.0,P029,S02,2,756.17,2024-10-16
7545,1529.0,P036,S04,5,474.98,2024-07-29
7546,1481.0,P024,S04,5,4131.31,2026-02-21
7547,742.0,P098,S02,3,4187.26,2025-01-02
7548,315.0,P086,S01,8,1046.53,2024-11-05
7549,1426.0,P059,S05,10,4603.53,2024-09-29
7550,1339.0,P076,S05,3,3410.91,2025-05-24
7551,1501.0,P097,S05,5,3608.07,2025-12-11
7552,203.0,P090,S05,2,3042.71,2025-09-15
7553,1268.0,P031,S04,2,1032.29,2025-04-28
7554,904.0,P019,S04,4,3501.35,2024-11-17
7555,611.0,P063,S02,5,1366.15,2025-12-20
7556,755.0,P098,S04,3,3993.01,2026-03-16
7557,42.0,P022,S05,1,310.53,2024-09-10
7558,344.0,P086,S02,5,1720.1,2025-05-20
7559,1376.0,P007,S02,3,989.71,2024-07-16
7560,1290.0,P052,S05,9,1430.99,2025-11-13
7561,569.0,P012,S03,3,364.06,2025-10-28
7562,1940.0,P078,S03,7,2917.34,2025-11-25
7563,12.0,P075,S02,8,879.82,2024-10-06
7564,1963.0,P042,S05,4,598.65,2025-10-12
7565,531.0,P079,S05,5,3706.66,2024-09-23
7566,673.0,P075,S03,3,449.25,2025-03-07
7567,1666.0,P053,S05,8,3665.76,2025-04-03
7568,475.0,P099,S03,5,3937.81,2024-07-17
7569,817.0,P077,S01,3,2032.24,2025-08-12
7570,477.0,P070,S05,3,2688.1,2026-03-28
7571,258.0,P088,S04,5,3308.84,2025-09-03
7572,1679.0,P015,S03,1,4886.43,2024-07-11
7573,1850.0,P038,S03,5,3563.42,2025-01-11
7574,111.0,P084,S03,8,2799.69,2025-05-14
7575,625.0,P021,S01,3,4848.39,2026-03-06
7576,681.0,P042,S02,2,2654.03,2024-11-13
7577,1747.0,P031,S04,2,1774.79,2024-09-06
7578,60.0,P074,S05,5,1077.04,2024-09-13
7579,277.0,P026,S05,4,3168.06,2025-10-20
7580,1171.0,P020,S04,8,317.8,2025-11-10
7581,1367.0,P039,S02,7,4657.37,2024-11-17
7582,705.0,P068,S02,5,4583.8,2024-10-29
7583,1500.0,P068,S04,10,1907.9,2025-10-27
7584,232.0,P046,S04,2,2725.25,2024-12-01
7585,767.0,P055,S02,3,4928.6,2025-08-11
7586,410.0,P070,S02,10,4618.92,2025-08-31
7587,1323.0,P051,S04,6,2741.29,2025-09-30
7588,1762.0,P098,S04,3,1996.54,2025-01-31
7589,945.0,P047,S05,1,2709.7,2026-05-30
7590,1005.0,P029,S04,6,493.96,2025-07-13
7591,38.0,P031,S05,10,2011.43,2025-01-19
7592,983.0,P017,S04,4,707.8,2025-10-10
7593,1124.0,P016,S02,1,4901.24,2024-07-18
7594,1224.0,P096,S01,1,638.0,2025-12-03
7595,1766.0,P027,S01,2,2593.14,2026-03-07
7596,108.0,P090,S05,5,2735.09,2025-06-15
7597,494.0,P010,S02,1,1450.51,2025-12-24
7598,505.0,P021,S04,1,2123.78,2026-01-12
7599,319.0,P072,S01,7,4998.84,2024-08-06
7600,171.0,P007,S01,9,2012.57,2024-07-11
7601,541.0,P045,S03,6,3749.79,2024-09-30
7602,1143.0,P015,S04,9,261.3,2025-03-27
7603,378.0,P026,S01,10,3157.24,2025-06-17
7604,103.0,P009,S03,5,3141.78,2024-12-23
7605,1650.0,P007,S03,5,4837.04,2025-07-21
7606,1800.0,P075,S01,9,2904.7,2024-08-22
7607,1384.0,P066,S02,10,3099.02,2026-03-25
7608,1512.0,P016,S01,6,2808.57,2025-06-27
7609,1832.0,P067,S03,4,3398.46,2025-10-17
7610,1884.0,P069,S02,5,4178.48,2025-10-26
7611,1190.0,P028,S02,5,4153.39,2025-06-10
7612,556.0,P008,S04,8,4136.53,2025-07-14
7613,1124.0,P086,S01,8,1191.15,2025-08-22
7614,851.0,P053,S01,3,2799.94,2025-01-22
7615,1205.0,P095,S01,7,4909.74,2025-02-14
7616,1271.0,P091,S03,9,3171.93,2024-10-24
7617,1847.0,P036,S04,7,4716.33,2025-11-24
7618,884.0,P030,S01,7,767.06,2025-07-12
7619,1382.0,P079,S04,6,1699.17,2026-04-16
7620,1550.0,P047,S04,5,3469.99,2025-07-27
7621,1648.0,P093,S02,3,587.64,2025-09-29
7622,1790.0,P050,S05,2,326.08,2024-10-21
7623,1100.0,P007,S01,5,1626.52,2024-08-05
7624,1230.0,P031,S01,8,3188.91,2024-08-04
7625,827.0,P080,S03,10,4828.66,2025-03-29
7626,355.0,P047,S01,10,2367.31,2026-05-19
7627,1010.0,P004,S01,4,1404.79,2025-03-29
7628,1782.0,P093,S02,2,1489.71,2026-06-09
7629,695.0,P006,S01,1,3649.07,2024-09-08
7630,1730.0,P094,S01,7,529.22,2024-09-20
7631,1263.0,P009,S05,6,4478.69,2024-07-24
7632,1377.0,P032,S05,1,4855.43,2025-08-25
7633,134.0,P011,S05,3,3306.57,2024-07-27
7634,1611.0,P025,S01,5,4602.9,2025-02-18
7635,1924.0,P089,S05,6,2785.04,2026-06-08
7636,348.0,P010,S04,5,1907.66,2025-08-09
7637,1090.0,P062,S03,6,4013.25,2026-04-25
7638,456.0,P006,S05,2,3990.69,2025-07-17
7639,1493.0,P098,S03,1,3218.97,2025-06-06
7640,1551.0,P089,S01,10,2404.5,2026-06-04
7641,1988.0,P077,S02,4,4253.2,2024-07-16
7642,690.0,P062,S02,10,1473.38,2025-08-14
7643,1798.0,P034,S01,3,3680.9,2026-03-12
7644,1806.0,P061,S02,3,470.23,2025-08-15
7645,1787.0,P068,S04,2,1494.65,2024-08-24
7646,1908.0,P043,S04,5,2054.58,2024-07-11
7647,49.0,P002,S02,4,1348.59,2026-03-20
7648,118.0,P083,S01,1,1152.75,2024-08-27
7649,1579.0,P079,S03,5,3301.0,2026-02-14
7650,1777.0,P016,S04,6,4828.75,2024-07-27
7651,1970.0,P035,S01,3,2097.8,2025-08-08
7652,1034.0,P006,S01,9,1022.37,2024-11-13
7653,1132.0,P040,S02,2,2651.1,2024-07-14
7654,1952.0,P003,S04,1,2547.96,2026-01-15
7655,22.0,P069,S02,1,4723.53,2025-12-03
7656,1540.0,P047,S04,9,218.5,2025-09-23
7657,1179.0,P056,S02,7,3075.02,2024-08-08
7658,1263.0,P058,S03,9,759.05,2025-02-28
7659,906.0,P049,S02,7,4518.75,2026-04-13
7660,1832.0,P013,S05,10,1118.88,2025-09-16
7661,1578.0,P055,S05,10,922.24,2025-08-03
7662,660.0,P014,S02,5,213.96,2025-05-04
7663,1482.0,P093,S04,3,3714.13,2025-01-04
7664,1520.0,P042,S04,9,2225.71,2024-08-07
7665,1998.0,P056,S04,4,1021.28,2025-06-04
7666,583.0,P028,S02,3,3100.19,2025-06-01
7667,1705.0,P081,S04,1,1237.08,2024-11-09
7668,874.0,P057,S05,3,1748.53,2024-11-06
7669,1066.0,P099,S05,6,619.7,2024-11-02
7670,1187.0,P019,S04,1,2526.97,2024-06-27
7671,124.0,P045,S01,5,3266.22,2024-08-11
7672,1205.0,P036,S01,5,2313.2,2025-06-12
7673,1689.0,P011,S01,5,2829.41,2025-10-03
7674,1785.0,P098,S02,9,2265.45,2025-11-17
7675,1358.0,P001,S05,7,3446.59,2026-02-15
7676,1169.0,P011,S03,8,2774.5,2025-03-27
7677,1340.0,P040,S05,10,2373.05,2025-09-30
7678,1302.0,P099,S05,9,1673.07,2026-02-11
7679,496.0,P007,S01,1,1962.11,2024-11-04
7680,714.0,P018,S01,10,3975.02,2025-11-10
7681,1081.0,P002,S03,3,1599.54,2024-09-30
7682,1937.0,P079,S02,10,4988.02,2025-09-07
7683,259.0,P005,S04,3,3185.55,2025-01-01
7684,1703.0,P098,S03,8,3100.97,2025-07-03
7685,104.0,P049,S02,2,419.9,2025-07-06
7686,1638.0,P049,S02,9,934.35,2025-06-17
7687,1746.0,P005,S01,4,4088.28,2026-03-15
7688,174.0,P035,S05,5,3908.29,2024-10-03
7689,1485.0,P035,S05,10,2160.59,2025-06-19
7690,320.0,P077,S02,5,4091.3,2026-03-08
7691,335.0,P061,S04,10,4597.98,2025-10-20
7692,1023.0,P015,S05,2,4608.66,2024-08-14
7693,1283.0,P080,S04,2,3581.34,2025-08-22
7694,1427.0,P017,S05,5,1363.59,2025-02-12
7695,1901.0,P074,S04,3,991.61,2024-09-09
7696,408.0,P015,S05,2,3074.02,2026-01-25
7697,599.0,P060,S04,8,992.51,2025-09-20
7698,1344.0,P043,S03,6,615.06,2024-09-14
7699,1409.0,P053,S03,7,2532.39,2025-05-09
7700,703.0,P056,S05,6,775.51,2025-10-22
7701,1999.0,P037,S04,8,3692.73,2025-05-25
7702,1888.0,P009,S04,3,4478.89,2024-10-18
7703,838.0,P084,S04,4,3532.07,2026-04-19
7704,652.0,P034,S04,10,4842.08,2024-07-01
7705,1084.0,P008,S01,3,979.4,2025-10-17
7706,1012.0,P033,S05,2,510.67,2026-05-30
7707,1176.0,P064,S02,1,2152.32,2025-07-13
7708,1490.0,P081,S03,4,851.07,2025-03-19
7709,399.0,P016,S05,5,4624.78,2025-10-27
7710,462.0,P058,S02,10,2623.81,2025-12-14
7711,1013.0,P031,S04,6,2560.93,2026-03-28
7712,1107.0,P031,S02,4,3738.42,2025-01-23
7713,615.0,P033,S01,3,2092.32,2026-03-23
7714,1986.0,P078,S02,3,3657.18,2025-03-04
7715,1297.0,P065,S01,2,4654.23,2025-06-05
7716,1327.0,P045,S04,8,288.72,2026-03-05
7717,751.0,P056,S05,8,3698.13,2024-09-30
7718,736.0,P092,S01,8,899.59,2026-04-26
7719,1148.0,P010,S02,1,3248.49,2025-04-27
7720,711.0,P059,S03,10,4923.26,2024-07-03
7721,904.0,P029,S03,5,3522.7,2024-07-24
7722,792.0,P042,S02,6,1601.93,2025-07-29
7723,1976.0,P022,S04,8,3717.43,2024-08-06
7724,937.0,P033,S05,9,753.76,2025-06-23
7725,1800.0,P015,S04,7,2024.62,2025-12-23
7726,778.0,P035,S01,1,2403.22,2025-03-11
7727,731.0,P016,S05,6,2500.37,2026-05-08
7728,578.0,P055,S01,7,3477.29,2025-09-10
7729,1840.0,P018,S03,6,463.6,2025-06-25
7730,941.0,P011,S01,8,615.26,2025-02-21
7731,1319.0,P020,S01,9,2162.8,2024-09-22
7732,995.0,P025,S01,2,2171.27,2025-04-04
7733,1741.0,P063,S01,9,3250.41,2024-07-27
7734,254.0,P004,S05,9,3768.13,2024-06-10
7735,34.0,P061,S01,10,1700.88,2026-02-24
7736,1496.0,P039,S03,8,4736.84,2025-04-08
7737,317.0,P062,S04,2,2827.5,2025-09-20
7738,705.0,P008,S02,2,1114.52,2024-11-04
7739,378.0,P022,S02,5,437.82,2025-05-31
7740,739.0,P048,S02,9,3407.22,2026-01-16
7741,1949.0,P056,S05,2,2061.8,2026-02-17
7742,1166.0,P089,S05,6,468.59,2026-04-21
7743,654.0,P076,S03,6,443.9,2026-02-13
7744,1063.0,P057,S01,7,3005.92,2026-05-07
7745,136.0,P077,S02,8,1701.85,2025-03-27
7746,1211.0,P034,S05,8,2172.78,2024-10-26
7747,1320.0,P034,S03,6,1171.2,2024-07-13
7748,609.0,P068,S01,5,4857.89,2026-01-06
7749,1233.0,P044,S05,10,4307.81,2024-09-05
7750,982.0,P067,S04,2,2236.9,2025-06-22
7751,145.0,P016,S05,7,3711.97,2024-08-16
7752,243.0,P015,S04,2,4674.7,2025-11-11
7753,1033.0,P033,S04,9,2667.68,2026-02-13
7754,1929.0,P074,S04,8,125.66,2025-10-12
7755,160.0,P012,S04,7,1134.56,2026-02-08
7756,1797.0,P038,S03,9,3910.56,2025-05-25
7757,1971.0,P087,S05,7,952.9,2025-02-28
7758,135.0,P017,S05,6,4171.2,2024-08-13
7759,425.0,P033,S04,6,3268.01,2024-11-12
7760,1874.0,P032,S04,3,961.84,2024-07-02
7761,1367.0,P041,S01,9,2070.89,2025-04-12
7762,218.0,P026,S03,8,1084.13,2025-11-16
7763,668.0,P078,S05,4,690.82,2026-03-19
7764,861.0,P064,S02,6,1318.32,2025-04-08
7765,302.0,P084,S03,1,1364.0,2025-09-10
7766,250.0,P074,S04,7,2107.65,2025-08-24
7767,333.0,P079,S01,3,3369.19,2025-05-30
7768,262.0,P028,S05,8,469.2,2026-06-07
7769,318.0,P088,S05,9,2103.25,2025-07-22
7770,258.0,P094,S04,8,405.59,2026-02-15
7771,1602.0,P088,S03,10,1831.56,2026-01-27
7772,116.0,P088,S03,6,4903.07,2025-07-01
7773,1649.0,P094,S01,4,812.09,2026-03-04
7774,384.0,P009,S03,10,2667.44,2024-06-30
7775,1643.0,P076,S01,7,1715.77,2025-07-13
7776,1329.0,P046,S03,5,723.72,2025-11-21
7777,1010.0,P023,S04,8,448.47,2026-01-21
7778,1521.0,P020,S01,9,1195.09,2024-06-23
7779,473.0,P021,S03,10,3456.96,2025-10-30
7780,1758.0,P033,S05,10,4284.41,2025-07-07
7781,1260.0,P028,S01,4,586.3,2024-08-06
7782,1952.0,P080,S02,9,1535.93,2026-01-12
7783,1887.0,P085,S04,8,3296.1,2024-08-06
7784,208.0,P028,S05,5,4897.49,2025-08-14
7785,817.0,P031,S03,9,1892.49,2025-02-25
7786,1344.0,P093,S01,10,2948.83,2025-08-29
7787,1328.0,P074,S02,7,3918.48,2026-01-19
7788,462.0,P020,S02,6,264.95,2024-11-30
7789,1429.0,P066,S03,1,2619.74,2025-08-28
7790,1555.0,P073,S04,3,4509.72,2025-07-23
7791,1849.0,P035,S05,3,4021.82,2026-01-28
7792,12.0,P091,S03,5,4917.7,2025-02-24
7793,354.0,P021,S03,9,2002.84,2025-03-25
7794,1762.0,P035,S01,10,4141.71,2025-02-08
7795,512.0,P055,S01,6,1374.13,2024-11-05
7796,1792.0,P058,S04,1,1282.14,2025-09-29
7797,292.0,P060,S05,3,705.98,2025-02-18
7798,1317.0,P034,S01,1,3445.7,2025-01-04
7799,1236.0,P068,S01,1,604.46,2025-07-31
7800,1475.0,P027,S03,9,4102.25,2025-03-08
7801,483.0,P021,S04,1,2213.05,2025-02-04
7802,305.0,P097,S02,2,332.23,2024-09-04
7803,1411.0,P094,S04,6,2608.99,2025-10-12
7804,1914.0,P032,S05,7,4909.58,2025-10-01
7805,282.0,P063,S03,5,3364.43,2025-06-25
7806,1289.0,P018,S01,4,1138.17,2024-10-14
7807,356.0,P067,S02,4,785.45,2025-10-04
7808,186.0,P026,S04,7,1085.7,2024-08-03
7809,1220.0,P085,S04,10,3815.37,2024-10-28
7810,1905.0,P076,S01,5,2673.56,2025-09-19
7811,662.0,P059,S04,6,2560.98,2024-08-21
7812,1408.0,P031,S02,9,1041.68,2026-04-12
7813,547.0,P093,S04,6,2280.22,2025-05-15
7814,1369.0,P030,S04,8,4455.08,2026-02-15
7815,1068.0,P070,S01,10,2627.68,2025-05-30
7816,648.0,P068,S05,5,3010.51,2025-03-25
7817,1035.0,P020,S02,9,1376.06,2025-04-28
7818,142.0,P053,S03,7,2552.93,2025-05-14
7819,1068.0,P020,S03,2,3416.11,2025-07-23
7820,787.0,P059,S01,2,2938.46,2026-05-27
7821,1729.0,P094,S03,8,4830.72,2025-08-31
7822,446.0,P088,S05,10,748.69,2025-08-09
7823,953.0,P010,S01,4,2517.91,2025-10-06
7824,998.0,P079,S03,6,2377.75,2024-10-07
7825,302.0,P039,S02,3,4968.29,2024-09-28
7826,676.0,P027,S02,4,1200.84,2025-07-12
7827,57.0,P071,S05,6,1806.48,2025-01-14
7828,112.0,P015,S04,4,2903.43,2026-01-05
7829,1907.0,P030,S02,3,4971.95,2025-01-31
7830,1397.0,P023,S05,4,3890.48,2024-09-02
7831,1744.0,P008,S01,9,4420.31,2025-05-25
7832,634.0,P029,S03,6,2996.03,2026-04-06
7833,1251.0,P050,S02,6,710.87,2025-06-12
7834,1344.0,P014,S03,5,3550.72,2024-11-13
7835,605.0,P100,S04,7,3552.5,2025-07-06
7836,781.0,P026,S03,10,465.98,2024-11-23
7837,256.0,P100,S03,5,893.57,2024-08-13
7838,864.0,P038,S04,3,4167.76,2026-02-11
7839,1165.0,P031,S01,10,2982.82,2024-09-07
7840,889.0,P020,S02,2,248.73,2024-07-11
7841,1946.0,P062,S03,6,2604.92,2024-07-06
7842,1833.0,P030,S04,10,1337.88,2025-07-11
7843,363.0,P030,S02,10,4616.36,2025-05-11
7844,76.0,P022,S05,6,1778.72,2025-08-24
7845,911.0,P057,S02,10,367.9,2026-05-15
7846,806.0,P014,S03,8,474.08,2026-02-11
7847,1455.0,P068,S01,3,4551.11,2026-03-05
7848,754.0,P060,S01,10,4076.65,2026-03-06
7849,1451.0,P043,S01,9,2017.51,2025-05-15
7850,179.0,P003,S02,4,1072.28,2025-08-14
7851,890.0,P006,S02,6,493.07,2024-07-21
7852,1714.0,P076,S04,8,2484.21,2024-12-06
7853,378.0,P009,S04,6,3943.87,2025-10-18
7854,1407.0,P027,S02,1,550.63,2025-06-02
7855,345.0,P090,S01,4,3072.68,2024-11-23
7856,1464.0,P038,S05,10,4270.4,2025-06-14
7857,1064.0,P062,S02,2,3548.99,2024-07-25
7858,1267.0,P071,S02,2,4630.12,2025-07-31
7859,259.0,P051,S02,8,2358.59,2024-11-27
7860,527.0,P087,S02,7,1758.23,2025-08-11
7861,246.0,P055,S04,9,2543.78,2024-12-02
7862,833.0,P041,S01,7,1010.86,2025-12-27
7863,610.0,P028,S03,2,3054.44,2025-05-26
7864,1772.0,P013,S04,4,3671.32,2025-06-25
7865,124.0,P007,S05,8,1302.55,2026-04-03
7866,1999.0,P068,S01,5,4572.88,2026-01-06
7867,43.0,P018,S03,4,1920.8,2025-09-25
7868,1872.0,P021,S02,9,2031.65,2026-04-17
7869,301.0,P019,S02,9,4223.11,2025-05-29
7870,55.0,P061,S04,2,1656.78,2024-06-19
7871,369.0,P057,S03,3,541.55,2025-12-10
7872,55.0,P070,S02,9,619.77,2026-03-19
7873,786.0,P099,S05,1,1984.19,2025-05-16
7874,1831.0,P081,S02,8,4309.17,2024-12-28
7875,423.0,P040,S05,7,3884.13,2024-12-18
7876,1317.0,P012,S01,10,3846.26,2025-11-19
7877,203.0,P061,S04,1,4043.51,2026-02-27
7878,1242.0,P065,S04,7,4041.09,2024-12-04
7879,747.0,P071,S01,1,928.93,2024-12-08
7880,1277.0,P010,S04,9,4323.22,2026-01-02
7881,191.0,P078,S04,4,1108.69,2025-11-10
7882,1411.0,P014,S04,4,1923.89,2025-03-10
7883,1890.0,P092,S02,9,4422.0,2024-11-08
7884,971.0,P001,S04,8,3264.35,2024-07-31
7885,1696.0,P084,S01,2,1602.46,2026-01-19
7886,101.0,P034,S05,4,567.3,2025-09-28
7887,419.0,P005,S05,7,3825.3,2024-12-17
7888,839.0,P028,S01,10,850.56,2026-04-26
7889,1758.0,P060,S03,7,2320.36,2026-05-09
7890,839.0,P058,S03,4,4019.12,2025-11-16
7891,967.0,P072,S03,2,4345.69,2025-01-14
7892,1679.0,P081,S05,1,2919.13,2025-12-30
7893,1257.0,P073,S04,10,1433.43,2025-05-29
7894,1009.0,P017,S05,8,1498.1,2024-11-24
7895,1496.0,P070,S03,9,2149.11,2024-09-27
7896,1174.0,P026,S02,5,3762.17,2026-03-16
7897,745.0,P077,S03,10,4260.88,2024-10-31
7898,1132.0,P012,S02,10,4166.83,2025-05-02
7899,14.0,P066,S03,3,1421.99,2024-06-13
7900,1742.0,P031,S02,8,1385.79,2025-03-24
7901,673.0,P017,S01,9,2709.34,2026-04-28
7902,914.0,P070,S04,5,3991.25,2025-07-20
7903,1791.0,P063,S03,1,1585.2,2025-04-27
7904,982.0,P067,S04,8,1804.26,2024-10-15
7905,533.0,P054,S03,6,843.95,2026-02-12
7906,1564.0,P055,S03,10,2968.16,2025-01-02
7907,1656.0,P059,S02,1,2253.95,2026-02-01
7908,470.0,P044,S01,1,1352.35,2026-01-01
7909,1241.0,P064,S01,8,2766.4,2026-03-16
7910,945.0,P041,S01,3,619.97,2025-11-13
7911,1422.0,P052,S02,8,2961.81,2024-10-26
7912,1366.0,P063,S03,7,3789.2,2024-10-07
7913,612.0,P094,S04,1,4194.36,2025-12-27
7914,1396.0,P095,S05,8,668.46,2025-06-25
7915,982.0,P019,S04,10,4662.63,2025-10-30
7916,846.0,P006,S04,9,1518.47,2026-05-08
7917,1509.0,P076,S04,6,730.28,2026-02-09
7918,439.0,P048,S03,8,1440.18,2025-11-07
7919,727.0,P011,S05,4,2662.92,2024-07-20
7920,949.0,P051,S05,9,124.84,2025-04-09
7921,716.0,P037,S04,10,4423.95,2024-09-17
7922,453.0,P033,S01,1,3535.81,2025-07-04
7923,876.0,P090,S02,6,3923.74,2025-11-21
7924,754.0,P006,S05,2,2680.91,2026-01-19
7925,398.0,P013,S05,8,283.51,2025-12-13
7926,50.0,P018,S05,9,805.62,2026-01-18
7927,981.0,P029,S02,4,1617.88,2025-04-07
7928,1401.0,P066,S02,7,4549.7,2025-12-11
7929,42.0,P091,S04,7,475.43,2026-03-11
7930,811.0,P071,S02,2,3509.29,2025-06-09
7931,1325.0,P090,S03,5,4129.74,2025-09-27
7932,1336.0,P086,S04,10,1922.07,2024-11-06
7933,1532.0,P079,S03,6,401.17,2026-03-04
7934,1213.0,P007,S02,6,2743.17,2024-11-17
7935,619.0,P039,S03,9,4555.94,2025-11-19
7936,212.0,P022,S04,8,4946.43,2025-07-24
7937,1634.0,P083,S01,2,4967.7,2026-02-15
7938,553.0,P027,S02,6,1681.83,2025-06-27
7939,1446.0,P076,S03,3,3124.09,2025-01-09
7940,1769.0,P005,S03,2,4513.99,2025-12-23
7941,579.0,P035,S05,8,2776.84,2025-10-27
7942,1996.0,P100,S04,6,2622.03,2025-06-27
7943,1170.0,P067,S02,6,4977.46,2026-02-19
7944,1911.0,P061,S03,10,1561.71,2024-08-22
7945,889.0,P006,S04,4,2112.58,2024-09-19
7946,392.0,P002,S04,4,2711.05,2025-11-04
7947,206.0,P096,S03,9,946.75,2025-06-05
7948,28.0,P055,S02,9,3219.7,2026-05-22
7949,1592.0,P054,S05,3,3488.61,2024-09-19
7950,1766.0,P083,S04,6,2053.55,2025-05-15
7951,1247.0,P017,S04,8,4622.83,2025-09-16
7952,267.0,P014,S03,3,1355.24,2026-02-14
7953,1291.0,P038,S04,6,503.94,2024-06-21
7954,482.0,P087,S03,10,1707.64,2024-08-18
7955,1470.0,P100,S02,9,3191.23,2026-01-28
7956,1634.0,P028,S05,8,3212.66,2024-11-20
7957,334.0,P077,S04,1,1618.93,2024-07-30
7958,838.0,P070,S03,3,193.66,2026-01-06
7959,265.0,P031,S04,2,2392.66,2026-04-28
7960,477.0,P058,S04,3,2395.87,2024-09-09
7961,1005.0,P013,S04,9,1958.91,2026-03-20
7962,720.0,P061,S01,4,3310.58,2025-04-06
7963,1619.0,P093,S04,10,1652.58,2026-03-19
7964,1604.0,P044,S03,7,1075.39,2026-01-25
7965,191.0,P080,S02,8,871.96,2026-02-03
7966,1760.0,P055,S01,1,1493.87,2025-08-25
7967,474.0,P100,S01,5,3511.91,2024-07-04
7968,1511.0,P004,S05,10,3983.76,2025-08-08
7969,895.0,P081,S03,6,2933.98,2026-01-02
7970,192.0,P013,S04,4,1279.76,2024-11-16
7971,1034.0,P008,S04,6,4938.4,2025-05-21
7972,1290.0,P016,S02,3,4387.38,2024-09-16
7973,1308.0,P070,S02,8,641.89,2025-05-30
7974,860.0,P011,S05,6,1893.35,2025-02-21
7975,1129.0,P060,S03,10,2383.52,2025-09-15
7976,1380.0,P048,S02,3,2642.33,2024-06-24
7977,1475.0,P096,S05,4,1568.32,2025-02-10
7978,1921.0,P030,S02,6,2517.61,2025-11-10
7979,1311.0,P066,S05,4,417.07,2025-10-28
7980,1292.0,P092,S02,3,1625.97,2024-10-24
7981,1004.0,P067,S02,6,1258.42,2025-01-17
7982,5.0,P014,S05,9,1279.13,2024-08-17
7983,1691.0,P034,S03,7,1229.07,2025-11-21
7984,1112.0,P054,S02,8,205.48,2024-12-14
7985,306.0,P033,S02,5,2023.8,2025-01-28
7986,1492.0,P004,S05,1,4394.42,2025-02-15
7987,554.0,P037,S05,7,3529.11,2025-05-30
7988,110.0,P003,S05,6,3441.24,2025-02-19
7989,1477.0,P002,S05,5,2944.57,2024-07-13
7990,1116.0,P047,S02,1,4955.49,2025-08-29
7991,843.0,P011,S05,4,3430.05,2026-05-07
7992,839.0,P029,S03,7,4235.92,2025-12-31
7993,225.0,P085,S03,5,481.02,2025-05-27
7994,328.0,P055,S03,9,3192.17,2026-01-24
7995,9.0,P052,S05,2,2979.29,2025-10-20
7996,165.0,P009,S03,1,4693.32,2025-07-23
7997,1995.0,P072,S01,10,4947.25,2025-01-21
7998,579.0,P074,S02,6,3047.66,2024-10-06
7999,1663.0,P096,S05,6,1650.18,2025-02-24
8000,225.0,P003,S05,4,4653.37,2024-07-01
8001,1795.0,P017,S04,7,2158.27,2024-12-17
8002,527.0,P034,S03,3,4497.59,2024-10-12
8003,1521.0,P003,S05,2,296.5,2025-05-31
8004,1067.0,P036,S05,8,437.72,2024-11-14
8005,968.0,P015,S05,5,4077.36,2024-07-03
8006,103.0,P028,S02,1,652.41,2026-05-16
8007,1565.0,P095,S01,2,3672.4,2024-07-29
8008,1658.0,P019,S01,2,2793.22,2025-09-05
8009,1589.0,P006,S05,8,3065.87,2024-11-17
8010,889.0,P018,S05,3,4018.76,2025-07-11
8011,272.0,P074,S03,3,3925.19,2026-04-06
8012,1343.0,P078,S02,7,115.41,2025-07-25
8013,1509.0,P025,S02,9,176.31,2026-05-21
8014,1359.0,P098,S02,10,427.28,2025-01-13
8015,1164.0,P080,S05,3,1011.93,2025-07-26
8016,241.0,P015,S01,10,3181.28,2026-03-15
8017,1505.0,P001,S02,6,3089.04,2026-03-28
8018,1568.0,P041,S03,9,1964.01,2024-10-14
8019,1129.0,P071,S04,3,3369.83,2026-04-08
8020,473.0,P035,S05,5,3904.15,2026-05-07
8021,1949.0,P098,S05,8,4052.42,2024-06-21
8022,1355.0,P089,S03,9,4074.09,2025-02-27
8023,814.0,P014,S05,2,3779.47,2025-02-28
8024,1843.0,P094,S02,1,650.89,2025-01-07
8025,1796.0,P068,S01,8,3216.42,2025-06-03
8026,675.0,P040,S01,1,4145.41,2024-08-22
8027,1431.0,P081,S01,2,440.95,2024-08-07
8028,1423.0,P036,S02,8,3630.23,2026-01-20
8029,1331.0,P022,S02,8,4943.04,2024-10-21
8030,1367.0,P052,S02,10,3995.7,2026-04-13
8031,1994.0,P078,S05,8,3336.45,2026-04-03
8032,1064.0,P043,S03,2,3530.27,2025-01-04
8033,345.0,P023,S03,7,510.0,2024-12-27
8034,1015.0,P048,S03,1,3055.54,2025-06-02
8035,393.0,P100,S02,1,3218.84,2025-11-08
8036,1177.0,P014,S03,1,2883.08,2026-01-25
8037,293.0,P097,S04,8,922.13,2025-03-14
8038,1728.0,P015,S01,4,318.51,2024-07-15
8039,84.0,P065,S01,4,1578.72,2024-11-12
8040,244.0,P027,S05,4,1220.07,2025-11-04
8041,1952.0,P008,S03,5,984.63,2026-04-06
8042,1451.0,P093,S01,1,289.24,2024-06-19
8043,1974.0,P081,S01,10,2456.96,2025-05-11
8044,1899.0,P057,S02,5,4624.48,2025-03-06
8045,650.0,P021,S02,4,645.57,2026-01-15
8046,256.0,P066,S02,10,1646.05,2025-06-30
8047,1170.0,P032,S02,8,4521.49,2025-12-26
8048,583.0,P077,S05,9,4022.61,2026-05-23
8049,463.0,P053,S01,1,248.86,2025-06-06
8050,1563.0,P010,S04,9,312.87,2024-11-22
8051,815.0,P013,S03,7,3966.39,2025-11-21
8052,2000.0,P064,S01,1,4837.26,2025-01-07
8053,1524.0,P080,S04,8,384.86,2024-12-11
8054,277.0,P055,S04,4,1585.75,2025-12-16
8055,1615.0,P061,S01,6,3698.19,2026-05-07
8056,969.0,P055,S04,6,293.45,2026-01-23
8057,771.0,P031,S01,4,2131.86,2025-11-03
8058,1430.0,P061,S04,6,2197.84,2024-08-05
8059,935.0,P037,S05,7,646.66,2025-06-01
8060,1303.0,P079,S05,3,2629.21,2025-05-11
8061,759.0,P042,S01,5,2757.71,2024-09-02
8062,451.0,P067,S04,6,3015.6,2024-08-04
8063,1987.0,P056,S04,7,148.17,2024-08-24
8064,1795.0,P091,S01,7,2062.77,2024-11-03
8065,962.0,P094,S01,4,2554.5,2024-10-16
8066,1141.0,P078,S05,9,3820.67,2025-02-23
8067,548.0,P051,S05,5,1053.94,2026-05-22
8068,1596.0,P033,S03,4,1009.97,2026-05-31
8069,408.0,P004,S02,1,3714.28,2026-01-19
8070,1756.0,P001,S01,5,2011.07,2025-10-09
8071,1550.0,P097,S03,9,1254.06,2024-11-17
8072,424.0,P036,S05,6,3510.32,2025-10-04
8073,1666.0,P045,S01,6,3473.82,2026-05-23
8074,302.0,P050,S05,10,4523.74,2024-11-19
8075,1685.0,P004,S02,10,2975.47,2025-07-28
8076,1834.0,P025,S01,10,3423.7,2024-12-27
8077,186.0,P087,S03,8,1229.85,2025-10-20
8078,646.0,P013,S05,7,259.41,2025-02-28
8079,72.0,P027,S05,5,481.04,2025-08-31
8080,827.0,P045,S03,7,2362.24,2025-03-14
8081,462.0,P097,S02,3,1661.95,2024-09-06
8082,142.0,P068,S03,4,1669.42,2025-11-06
8083,636.0,P009,S05,3,3452.02,2024-07-17
8084,205.0,P098,S02,9,3544.9,2024-07-13
8085,69.0,P031,S03,6,1744.07,2025-03-21
8086,333.0,P070,S05,10,937.81,2024-09-13
8087,1468.0,P031,S03,4,1996.29,2025-03-04
8088,618.0,P080,S05,9,640.75,2026-05-16
8089,1382.0,P097,S03,9,2470.26,2026-03-09
8090,1813.0,P045,S02,4,747.67,2025-07-02
8091,956.0,P007,S04,8,2799.04,2024-07-11
8092,432.0,P098,S05,3,4852.78,2024-06-22
8093,127.0,P020,S04,5,2233.13,2026-01-11
8094,1107.0,P035,S04,5,4168.42,2025-06-14
8095,1075.0,P071,S05,5,2718.47,2024-11-25
8096,1324.0,P037,S03,9,2137.14,2026-01-21
8097,1299.0,P067,S03,8,548.07,2025-07-31
8098,1739.0,P078,S05,9,884.13,2025-10-16
8099,124.0,P028,S01,3,2905.57,2024-10-08
8100,59.0,P073,S02,8,4940.83,2024-09-28
8101,1377.0,P039,S02,8,220.78,2026-06-05
8102,1807.0,P007,S04,9,4019.27,2025-09-26
8103,1855.0,P001,S02,4,1278.72,2025-11-17
8104,1060.0,P076,S02,6,425.85,2025-05-14
8105,1965.0,P047,S04,8,884.55,2024-12-10
8106,46.0,P030,S03,4,2198.56,2025-01-11
8107,1177.0,P071,S01,8,2487.89,2024-11-06
8108,1370.0,P002,S03,10,499.66,2024-08-10
8109,1772.0,P070,S02,7,568.81,2026-01-05
8110,460.0,P025,S04,9,2436.64,2026-04-10
8111,1840.0,P071,S02,5,4347.49,2024-11-19
8112,101.0,P024,S02,1,3311.6,2025-05-31
8113,1630.0,P007,S03,2,864.04,2026-05-24
8114,1808.0,P040,S02,8,580.93,2024-11-27
8115,1126.0,P033,S05,10,2666.31,2025-12-01
8116,1539.0,P077,S05,4,4719.8,2024-08-31
8117,1492.0,P067,S04,9,2086.85,2025-03-25
8118,1146.0,P049,S04,10,2314.28,2026-05-30
8119,1575.0,P022,S03,3,4860.44,2025-12-05
8120,1554.0,P030,S03,3,990.45,2024-09-02
8121,334.0,P049,S01,2,198.66,2024-09-29
8122,66.0,P086,S03,1,4836.64,2025-04-25
8123,838.0,P011,S01,1,2538.69,2025-09-01
8124,1291.0,P054,S04,1,1199.81,2025-02-09
8125,1507.0,P087,S04,7,3843.37,2026-01-20
8126,1092.0,P053,S02,8,1266.42,2025-10-13
8127,568.0,P022,S02,3,654.58,2025-10-27
8128,1564.0,P045,S01,1,3865.1,2025-05-18
8129,247.0,P100,S01,3,1784.02,2025-08-29
8130,1333.0,P025,S04,9,500.04,2025-02-22
8131,269.0,P005,S03,9,985.12,2025-04-03
8132,1128.0,P058,S02,10,1989.02,2025-12-24
8133,95.0,P061,S04,4,308.72,2025-02-04
8134,430.0,P031,S02,4,1572.26,2025-09-09
8135,449.0,P062,S01,9,2591.7,2024-11-03
8136,1446.0,P010,S01,9,3685.44,2025-02-02
8137,317.0,P040,S05,3,4100.86,2025-07-23
8138,1076.0,P065,S01,4,1535.82,2024-11-13
8139,874.0,P094,S05,3,4848.07,2025-02-27
8140,1605.0,P042,S04,5,3851.74,2024-11-30
8141,1094.0,P030,S04,8,3389.07,2025-11-06
8142,163.0,P004,S02,4,1994.83,2024-08-21
8143,152.0,P089,S03,2,1703.22,2025-04-22
8144,423.0,P062,S04,9,4371.41,2025-03-04
8145,106.0,P007,S04,9,405.7,2024-12-19
8146,322.0,P093,S05,5,2612.35,2024-10-17
8147,3.0,P066,S04,10,4618.89,2025-08-18
8148,664.0,P004,S02,10,227.78,2025-05-08
8149,1382.0,P046,S01,4,4668.18,2025-01-06
8150,1238.0,P019,S05,8,4955.98,2026-03-18
8151,1403.0,P025,S01,1,3728.6,2024-09-23
8152,1340.0,P083,S02,5,4192.33,2024-11-22
8153,1968.0,P089,S02,6,1724.98,2024-07-24
8154,722.0,P075,S05,1,4578.84,2026-06-08
8155,354.0,P023,S05,1,4789.01,2024-11-12
8156,1274.0,P100,S03,3,896.17,2026-01-22
8157,1498.0,P093,S02,7,2747.51,2024-08-31
8158,1616.0,P060,S02,10,1636.34,2026-01-30
8159,1859.0,P057,S04,5,1836.33,2025-05-08
8160,668.0,P033,S01,4,2424.63,2024-07-19
8161,713.0,P080,S01,4,875.01,2025-03-01
8162,1714.0,P076,S04,3,2214.1,2025-05-23
8163,98.0,P090,S04,2,3965.51,2025-11-07
8164,318.0,P087,S05,8,3475.41,2025-12-08
8165,76.0,P009,S04,4,4611.42,2025-09-17
8166,162.0,P045,S05,10,3371.15,2024-11-22
8167,796.0,P096,S04,10,118.81,2026-04-14
8168,1570.0,P052,S01,1,2551.56,2025-01-04
8169,805.0,P059,S01,3,172.52,2025-05-04
8170,1181.0,P087,S02,6,1958.05,2025-05-26
8171,232.0,P078,S01,5,3623.5,2026-02-17
8172,736.0,P023,S01,8,1875.38,2024-12-27
8173,1946.0,P083,S04,7,2938.92,2025-05-20
8174,1419.0,P040,S02,6,358.02,2026-01-29
8175,1071.0,P056,S04,3,3520.63,2025-01-26
8176,298.0,P047,S02,2,4664.55,2024-08-28
8177,168.0,P019,S02,5,572.62,2025-01-07
8178,196.0,P001,S04,9,1561.82,2024-08-16
8179,877.0,P064,S05,8,2185.83,2025-05-18
8180,485.0,P015,S03,4,2720.57,2025-09-14
8181,1087.0,P023,S04,10,4907.27,2024-12-01
8182,1726.0,P042,S05,6,296.47,2024-12-30
8183,1164.0,P068,S01,7,3128.39,2025-04-27
8184,83.0,P062,S03,3,3486.37,2025-08-24
8185,530.0,P096,S02,7,3868.19,2024-10-25
8186,1803.0,P058,S03,5,2848.74,2026-04-09
8187,1289.0,P039,S03,6,4705.51,2026-03-17
8188,39.0,P048,S05,1,3026.69,2025-05-03
8189,1953.0,P053,S02,8,2147.14,2026-02-10
8190,1291.0,P006,S03,6,3488.19,2025-07-05
8191,759.0,P086,S05,8,1749.14,2024-08-21
8192,1227.0,P084,S05,1,3563.84,2026-01-02
8193,1151.0,P025,S04,7,4771.44,2025-12-05
8194,438.0,P022,S03,5,500.36,2025-06-08
8195,1730.0,P016,S01,3,3321.0,2026-05-17
8196,1894.0,P098,S03,2,2748.0,2026-04-15
8197,1722.0,P018,S01,4,3763.69,2024-11-22
8198,596.0,P005,S05,5,4234.31,2024-10-04
8199,1889.0,P001,S02,6,4434.53,2026-03-22
8200,1319.0,P010,S03,7,3768.25,2024-08-23
8201,1753.0,P013,S05,9,1492.17,2025-09-16
8202,607.0,P028,S02,5,4629.59,2026-04-29
8203,333.0,P004,S05,7,3325.93,2025-09-14
8204,21.0,P022,S01,10,1977.19,2025-03-28
8205,1261.0,P063,S01,2,3180.37,2025-11-14
8206,1879.0,P009,S04,5,2068.23,2025-12-21
8207,850.0,P052,S04,5,2859.61,2025-04-10
8208,596.0,P060,S03,5,3541.45,2026-03-20
8209,1304.0,P059,S04,5,4662.0,2026-01-24
8210,507.0,P078,S04,2,2547.77,2025-06-22
8211,926.0,P084,S03,9,4320.31,2025-04-27
8212,698.0,P031,S03,4,2164.83,2025-06-27
8213,314.0,P056,S04,3,1742.68,2025-03-21
8214,1219.0,P071,S03,5,1933.92,2025-03-20
8215,320.0,P059,S04,8,2124.56,2025-07-22
8216,599.0,P020,S03,10,4899.72,2026-02-20
8217,189.0,P049,S05,4,4148.57,2025-02-02
8218,160.0,P073,S04,1,4818.9,2025-05-16
8219,762.0,P072,S03,7,2501.26,2025-03-21
8220,163.0,P071,S04,9,1039.74,2025-09-16
8221,1126.0,P072,S04,2,1844.76,2024-12-21
8222,1069.0,P024,S03,4,3865.97,2025-07-28
8223,874.0,P009,S04,10,2348.04,2024-08-12
8224,1349.0,P080,S02,2,1835.58,2026-06-09
8225,1587.0,P034,S03,9,2081.39,2025-02-19
8226,4.0,P031,S02,7,3711.32,2026-01-24
8227,39.0,P076,S01,6,118.04,2025-03-02
8228,323.0,P018,S04,9,646.24,2025-02-15
8229,1545.0,P090,S03,4,1728.96,2024-10-12
8230,317.0,P004,S04,6,3707.14,2025-01-08
8231,1905.0,P029,S02,10,3164.47,2024-08-29
8232,497.0,P015,S03,5,3282.67,2025-10-10
8233,1458.0,P002,S05,1,3062.76,2024-10-11
8234,1775.0,P052,S01,2,507.44,2026-02-16
8235,1514.0,P065,S02,2,1413.95,2024-10-30
8236,1862.0,P031,S02,10,1824.37,2025-02-08
8237,1830.0,P100,S05,8,4273.82,2026-04-28
8238,1577.0,P043,S03,7,3896.65,2026-05-06
8239,1672.0,P052,S03,7,905.43,2026-04-27
8240,530.0,P022,S05,6,2741.14,2025-02-23
8241,1286.0,P099,S02,5,3883.03,2025-05-20
8242,1591.0,P055,S04,5,2994.15,2024-08-10
8243,1026.0,P050,S05,2,1953.17,2026-01-18
8244,1096.0,P014,S03,5,2100.08,2025-11-06
8245,389.0,P013,S02,3,2473.31,2024-08-11
8246,35.0,P091,S05,9,2057.11,2025-02-10
8247,1343.0,P095,S04,2,1313.57,2025-03-21
8248,1520.0,P036,S03,9,1664.88,2025-08-05
8249,1833.0,P025,S05,2,516.61,2025-11-14
8250,282.0,P033,S01,4,1634.63,2025-10-18
8251,1022.0,P038,S03,2,1166.5,2024-06-19
8252,229.0,P036,S03,5,276.1,2025-02-08
8253,1945.0,P074,S03,1,3511.9,2025-09-10
8254,190.0,P063,S05,4,1630.72,2025-11-30
8255,830.0,P018,S05,7,1906.6,2025-06-19
8256,1653.0,P069,S05,10,4650.71,2024-11-06
8257,1956.0,P001,S04,4,1522.32,2026-03-27
8258,750.0,P071,S05,10,891.55,2024-12-25
8259,267.0,P072,S02,3,4345.88,2024-08-07
8260,975.0,P073,S03,6,1968.4,2024-12-14
8261,378.0,P091,S01,6,4271.66,2024-08-31
8262,1722.0,P046,S04,1,3328.45,2025-03-15
8263,1494.0,P023,S03,7,1110.7,2024-07-26
8264,1289.0,P017,S03,9,672.9,2024-08-28
8265,228.0,P082,S03,3,3017.34,2026-01-29
8266,1477.0,P045,S03,6,345.35,2024-08-20
8267,969.0,P005,S05,4,4750.47,2025-10-12
8268,1748.0,P067,S02,6,3143.03,2025-03-19
8269,615.0,P010,S02,8,3048.78,2025-06-15
8270,11.0,P026,S04,5,2891.93,2026-02-14
8271,816.0,P015,S02,6,3003.65,2025-02-23
8272,278.0,P024,S02,9,3435.47,2025-12-18
8273,1750.0,P013,S01,2,2123.16,2024-09-18
8274,149.0,P003,S03,6,2142.3,2024-10-27
8275,368.0,P050,S03,9,3295.76,2025-01-12
8276,415.0,P048,S05,10,4525.56,2025-06-29
8277,386.0,P010,S01,1,498.1,2025-02-08
8278,1688.0,P093,S03,5,1211.32,2026-04-25
8279,37.0,P014,S04,3,2532.88,2024-09-23
8280,918.0,P016,S02,8,1232.93,2024-08-25
8281,621.0,P045,S04,4,4954.67,2025-01-21
8282,1276.0,P024,S05,6,4915.14,2024-12-22
8283,1546.0,P041,S04,5,1384.05,2024-09-13
8284,1965.0,P028,S01,9,2476.67,2024-07-17
8285,1036.0,P081,S03,8,1891.16,2024-12-14
8286,828.0,P019,S01,1,2113.45,2025-08-31
8287,1134.0,P037,S04,4,4841.38,2025-11-19
8288,511.0,P031,S03,7,1933.64,2024-08-18
8289,1536.0,P063,S04,10,1609.81,2025-09-01
8290,836.0,P086,S04,4,2633.82,2025-08-29
8291,245.0,P048,S04,2,1337.31,2024-07-21
8292,760.0,P090,S03,10,3929.89,2025-02-19
8293,1633.0,P011,S05,7,2367.36,2026-01-06
8294,686.0,P015,S01,8,2611.53,2025-05-27
8295,1668.0,P011,S04,2,1886.24,2025-11-13
8296,381.0,P014,S01,5,632.24,2024-10-04
8297,1459.0,P035,S02,3,4407.71,2025-02-13
8298,275.0,P047,S03,4,4437.95,2024-11-05
8299,626.0,P060,S04,3,1003.06,2025-04-19
8300,1486.0,P067,S05,8,4521.16,2025-04-11
8301,310.0,P001,S01,2,504.62,2025-12-06
8302,780.0,P036,S02,2,2485.42,2026-02-08
8303,1513.0,P024,S03,7,4675.63,2024-12-09
8304,524.0,P075,S05,8,903.82,2024-12-14
8305,132.0,P059,S04,9,1515.32,2025-05-05
8306,1914.0,P027,S03,3,1598.87,2025-05-16
8307,561.0,P086,S04,10,4413.67,2025-08-02
8308,689.0,P084,S05,3,3849.08,2025-06-05
8309,1600.0,P005,S02,5,3807.44,2026-05-24
8310,832.0,P076,S03,4,4968.66,2025-01-18
8311,940.0,P069,S03,1,977.81,2025-07-05
8312,984.0,P017,S03,6,1960.03,2025-07-01
8313,1259.0,P067,S04,10,2279.32,2024-10-02
8314,1549.0,P069,S05,4,1131.51,2024-10-08
8315,783.0,P007,S04,6,2435.71,2025-06-17
8316,244.0,P079,S03,7,3696.71,2025-04-12
8317,675.0,P003,S02,7,3894.56,2025-04-19
8318,301.0,P092,S04,5,2627.42,2024-08-21
8319,1509.0,P055,S02,6,3013.66,2024-06-27
8320,1339.0,P048,S02,8,2580.13,2024-10-20
8321,1571.0,P094,S01,3,2542.62,2026-01-26
8322,495.0,P054,S02,9,4708.63,2025-05-15
8323,159.0,P078,S05,9,1135.83,2026-06-04
8324,1539.0,P003,S05,4,1512.85,2025-11-14
8325,1271.0,P038,S04,9,1212.13,2026-01-15
8326,1211.0,P022,S02,10,2860.82,2024-09-10
8327,830.0,P034,S04,10,3043.99,2025-02-22
8328,1226.0,P067,S01,7,4998.31,2025-09-08
8329,1115.0,P063,S01,6,2699.78,2025-01-26
8330,1697.0,P030,S04,7,1906.4,2025-12-22
8331,1412.0,P041,S02,10,2260.35,2025-12-19
8332,1019.0,P046,S04,6,3166.7,2026-03-31
8333,55.0,P058,S04,2,818.26,2024-12-08
8334,1156.0,P010,S02,10,893.42,2026-03-19
8335,246.0,P091,S02,8,4314.3,2024-06-21
8336,869.0,P056,S02,1,585.58,2025-05-08
8337,1683.0,P082,S02,5,1981.61,2025-10-12
8338,979.0,P071,S04,6,1347.58,2025-10-12
8339,1459.0,P050,S05,2,4501.46,2025-06-01
8340,948.0,P034,S03,1,1504.69,2026-03-21
8341,1349.0,P002,S05,1,4927.06,2024-09-22
8342,122.0,P067,S04,7,3980.44,2025-12-06
8343,1452.0,P021,S01,9,1633.11,2024-07-19
8344,1569.0,P060,S03,2,2141.32,2026-05-30
8345,618.0,P096,S05,5,4272.96,2024-11-09
8346,307.0,P088,S05,3,1677.7,2026-05-25
8347,808.0,P001,S02,4,1775.49,2025-06-08
8348,68.0,P081,S04,10,4242.5,2024-10-30
8349,405.0,P026,S03,7,1489.73,2026-02-02
8350,215.0,P078,S05,7,778.65,2024-07-10
8351,1276.0,P066,S05,9,1220.04,2026-06-09
8352,1598.0,P010,S02,1,2246.91,2026-04-27
8353,1488.0,P004,S03,3,2560.75,2025-07-11
8354,1117.0,P057,S04,8,4145.51,2025-09-23
8355,1279.0,P040,S04,3,3300.31,2025-08-24
8356,974.0,P076,S05,6,1080.99,2025-11-18
8357,646.0,P006,S02,7,2822.11,2024-06-28
8358,19.0,P064,S01,3,4045.9,2025-02-24
8359,1099.0,P042,S02,6,2439.35,2025-03-03
8360,404.0,P081,S05,6,4977.63,2025-03-06
8361,30.0,P007,S01,2,2294.87,2025-09-14
8362,56.0,P011,S04,2,1994.97,2025-02-23
8363,1764.0,P045,S05,10,4978.8,2026-01-01
8364,353.0,P080,S02,9,2724.24,2024-09-19
8365,689.0,P071,S05,8,1376.15,2024-07-26
8366,1768.0,P091,S01,4,3800.6,2024-12-19
8367,1771.0,P029,S02,4,2099.59,2025-01-19
8368,1046.0,P078,S05,9,225.29,2025-02-05
8369,609.0,P100,S01,7,4265.31,2025-05-04
8370,275.0,P007,S02,2,3904.93,2025-09-15
8371,807.0,P004,S04,7,1893.12,2025-02-22
8372,115.0,P003,S04,10,2292.93,2026-01-24
8373,240.0,P053,S04,8,1982.6,2025-05-18
8374,1298.0,P044,S02,9,479.49,2026-03-24
8375,727.0,P100,S01,2,3037.03,2024-06-12
8376,1975.0,P039,S02,8,632.03,2025-03-14
8377,638.0,P028,S02,4,1264.11,2025-05-14
8378,652.0,P067,S02,7,3518.92,2024-10-27
8379,89.0,P045,S04,6,1957.5,2025-12-09
8380,682.0,P072,S01,4,4527.25,2024-06-15
8381,1390.0,P018,S04,4,184.49,2025-05-04
8382,1776.0,P060,S05,7,4204.61,2025-05-20
8383,1968.0,P059,S05,5,3957.51,2026-02-02
8384,224.0,P024,S05,10,2217.45,2025-08-17
8385,334.0,P026,S03,6,1427.39,2025-07-21
8386,1076.0,P048,S03,8,2701.49,2026-02-20
8387,1684.0,P099,S05,7,3671.65,2026-01-29
8388,1921.0,P089,S02,6,2032.46,2026-02-27
8389,523.0,P072,S03,5,4874.5,2025-11-17
8390,1010.0,P044,S01,10,4146.68,2025-01-13
8391,1916.0,P097,S04,3,2881.77,2024-12-25
8392,1677.0,P044,S04,10,4493.2,2025-05-07
8393,492.0,P069,S05,9,451.45,2026-05-30
8394,104.0,P033,S03,9,4121.32,2026-03-02
8395,1254.0,P067,S02,8,2920.52,2025-09-12
8396,27.0,P030,S05,1,1508.64,2024-06-25
8397,267.0,P080,S04,7,3492.71,2026-05-02
8398,847.0,P060,S01,7,4392.63,2026-03-11
8399,64.0,P040,S02,6,1432.07,2026-05-04
8400,1625.0,P030,S03,4,394.99,2025-11-02
8401,1052.0,P012,S03,3,1466.14,2024-08-06
8402,1018.0,P082,S01,5,418.08,2024-10-08
8403,36.0,P065,S05,4,4871.81,2024-10-20
8404,1220.0,P044,S05,4,1419.78,2026-02-17
8405,1610.0,P026,S02,8,1316.96,2025-08-11
8406,1007.0,P067,S04,7,4286.79,2025-08-24
8407,1938.0,P025,S01,2,4935.64,2026-04-14
8408,1660.0,P008,S02,3,2024.19,2025-08-03
8409,1365.0,P007,S01,6,2458.4,2025-06-28
8410,206.0,P006,S04,4,2838.54,2024-12-29
8411,642.0,P092,S05,9,299.05,2025-02-03
8412,499.0,P042,S03,10,1666.58,2025-11-29
8413,1126.0,P049,S03,5,2568.28,2024-08-22
8414,1653.0,P076,S04,3,2978.78,2025-05-02
8415,1691.0,P021,S05,9,2630.8,2024-09-05
8416,833.0,P071,S04,9,502.3,2026-03-13
8417,1370.0,P057,S01,6,3623.82,2026-02-28
8418,1615.0,P078,S05,1,4097.16,2025-04-18
8419,335.0,P045,S01,2,2092.54,2025-12-25
8420,104.0,P044,S03,8,1056.73,2024-07-16
8421,1753.0,P028,S04,2,1871.47,2025-07-07
8422,1351.0,P021,S02,2,1561.17,2025-12-31
8423,1993.0,P083,S05,2,1884.06,2025-03-03
8424,1469.0,P068,S02,5,4685.95,2026-02-12
8425,1776.0,P033,S02,10,3955.33,2026-04-05
8426,1002.0,P040,S04,9,3067.97,2025-01-06
8427,1731.0,P079,S03,7,726.52,2024-11-12
8428,344.0,P054,S04,5,1740.24,2026-01-07
8429,133.0,P014,S02,8,693.77,2025-10-19
8430,60.0,P079,S05,5,3911.43,2024-07-10
8431,211.0,P021,S03,10,535.6,2025-05-13
8432,1560.0,P023,S02,4,1987.89,2024-07-07
8433,1634.0,P052,S03,2,2850.47,2024-10-11
8434,1567.0,P009,S02,9,1101.13,2024-09-19
8435,1455.0,P010,S05,9,4542.43,2025-09-23
8436,1261.0,P041,S05,1,2063.37,2025-02-14
8437,914.0,P046,S05,2,321.89,2026-03-21
8438,1695.0,P008,S03,1,507.34,2026-04-26
8439,558.0,P085,S04,5,1937.98,2024-10-31
8440,1815.0,P021,S05,9,4108.75,2024-09-09
8441,1158.0,P019,S04,3,1723.12,2025-04-11
8442,996.0,P087,S02,10,755.4,2025-01-05
8443,962.0,P090,S01,1,209.13,2026-06-05
8444,1948.0,P019,S01,6,4794.67,2026-02-24
8445,1172.0,P093,S02,6,2437.46,2024-06-22
8446,374.0,P020,S03,4,4308.88,2026-05-30
8447,1942.0,P060,S04,1,4673.64,2025-09-09
8448,1714.0,P076,S02,3,3157.59,2025-10-20
8449,1577.0,P074,S05,2,3758.06,2025-01-15
8450,1379.0,P002,S01,3,2527.75,2024-10-19
8451,493.0,P041,S04,2,4154.99,2025-02-25
8452,577.0,P030,S04,6,1624.7,2026-03-24
8453,1272.0,P045,S01,10,4496.78,2024-10-02
8454,43.0,P041,S04,1,1862.97,2026-05-07
8455,268.0,P030,S05,10,1111.28,2024-12-26
8456,862.0,P003,S02,9,2708.07,2025-07-27
8457,1598.0,P001,S01,6,1878.16,2026-04-26
8458,353.0,P076,S05,6,3117.25,2024-09-09
8459,819.0,P084,S02,9,2886.91,2026-06-04
8460,1202.0,P053,S05,9,3997.77,2025-11-17
8461,1950.0,P012,S04,5,4754.05,2024-07-08
8462,1001.0,P055,S05,10,3229.25,2025-02-01
8463,461.0,P070,S04,4,4281.79,2026-01-18
8464,1236.0,P012,S05,2,4127.9,2025-12-07
8465,957.0,P073,S02,10,2490.34,2024-07-02
8466,1568.0,P054,S03,5,3854.33,2024-08-26
8467,141.0,P051,S03,5,2310.11,2026-02-14
8468,1903.0,P027,S05,8,195.52,2024-11-12
8469,1701.0,P006,S02,10,1290.62,2025-05-22
8470,1871.0,P066,S03,7,4207.8,2026-02-28
8471,1058.0,P076,S01,1,1524.72,2025-03-18
8472,49.0,P062,S02,3,3250.34,2026-04-20
8473,243.0,P044,S03,7,1674.01,2025-05-01
8474,974.0,P041,S05,8,1516.29,2024-08-06
8475,444.0,P001,S03,6,2308.33,2025-10-16
8476,1956.0,P002,S04,3,3916.43,2025-05-12
8477,1858.0,P069,S05,9,2609.66,2025-07-07
8478,1842.0,P087,S03,2,3206.27,2024-07-22
8479,438.0,P021,S03,8,3893.97,2025-11-25
8480,394.0,P076,S03,4,3083.99,2026-02-19
8481,1301.0,P061,S02,3,3595.88,2026-05-16
8482,1308.0,P037,S02,4,2678.46,2026-05-31
8483,743.0,P051,S03,1,972.0,2024-09-25
8484,1235.0,P038,S04,2,330.53,2025-02-08
8485,252.0,P090,S01,10,4348.26,2025-04-14
8486,1142.0,P093,S04,3,3386.0,2025-11-07
8487,75.0,P019,S02,2,3635.47,2024-08-19
8488,1574.0,P087,S04,8,292.88,2025-11-28
8489,129.0,P043,S02,5,4305.96,2024-08-02
8490,765.0,P085,S02,9,4560.97,2024-07-03
8491,32.0,P036,S02,6,2002.75,2024-06-25
8492,31.0,P061,S03,7,3808.2,2025-12-10
8493,1809.0,P072,S03,4,2248.03,2025-08-26
8494,1754.0,P093,S01,8,4169.49,2024-08-08
8495,797.0,P048,S04,8,158.25,2025-10-25
8496,1859.0,P083,S04,9,3891.26,2025-11-14
8497,794.0,P010,S04,3,1247.88,2024-09-05
8498,1760.0,P027,S01,3,332.99,2026-01-20
8499,144.0,P020,S03,3,2740.82,2026-01-08
8500,1060.0,P060,S01,7,3321.76,2024-12-20
8501,1501.0,P008,S03,6,4806.62,2024-09-06
8502,1387.0,P094,S05,9,2540.05,2024-12-12
8503,284.0,P012,S01,2,4885.36,2024-10-29
8504,1202.0,P014,S04,2,3772.64,2026-01-12
8505,1189.0,P035,S02,7,2710.3,2025-01-15
8506,1573.0,P026,S01,4,3531.68,2024-08-13
8507,1941.0,P010,S02,2,790.82,2024-10-31
8508,47.0,P074,S01,5,4366.51,2026-01-27
8509,358.0,P088,S02,1,859.95,2025-09-20
8510,951.0,P011,S05,1,4865.83,2024-12-22
8511,1367.0,P054,S02,9,2130.29,2025-11-30
8512,1916.0,P067,S04,4,4711.27,2024-10-01
8513,1905.0,P053,S01,10,3883.22,2024-10-18
8514,1107.0,P029,S05,7,4128.05,2026-03-05
8515,116.0,P006,S03,1,166.91,2025-12-06
8516,447.0,P090,S03,7,4884.31,2026-06-02
8517,944.0,P001,S01,10,4902.01,2025-10-23
8518,308.0,P067,S05,5,2951.68,2025-07-06
8519,1005.0,P077,S03,9,1904.19,2025-04-09
8520,2.0,P093,S05,9,2901.76,2025-04-15
8521,1141.0,P044,S04,4,2647.1,2024-12-06
8522,1246.0,P038,S02,3,4269.71,2024-06-28
8523,747.0,P071,S04,3,1185.75,2025-06-25
8524,1455.0,P042,S03,5,886.83,2024-11-27
8525,816.0,P093,S05,10,1679.75,2024-07-07
8526,1474.0,P074,S04,6,175.86,2025-05-16
8527,880.0,P047,S01,7,1040.6,2025-11-18
8528,114.0,P031,S02,5,4422.52,2024-07-17
8529,335.0,P011,S01,2,3820.32,2025-03-17
8530,1613.0,P055,S04,4,406.28,2026-01-03
8531,565.0,P088,S02,1,2337.59,2025-11-25
8532,1670.0,P089,S04,3,3432.2,2024-12-13
8533,232.0,P081,S02,4,3267.34,2026-04-02
8534,648.0,P071,S01,3,3381.86,2025-01-18
8535,1397.0,P062,S01,7,4948.67,2026-06-01
8536,40.0,P086,S05,7,500.94,2025-12-31
8537,683.0,P096,S05,8,2751.04,2024-12-27
8538,599.0,P073,S05,4,4251.93,2025-12-23
8539,636.0,P088,S03,10,1355.66,2025-07-14
8540,1157.0,P039,S02,1,3210.91,2026-04-17
8541,1505.0,P025,S05,3,2733.6,2025-11-01
8542,1240.0,P059,S02,9,988.44,2025-08-26
8543,1940.0,P007,S02,6,1830.02,2025-08-01
8544,1252.0,P014,S05,9,4431.08,2025-11-28
8545,890.0,P011,S03,9,780.42,2025-03-08
8546,1062.0,P006,S05,3,3202.01,2024-08-18
8547,626.0,P057,S01,5,4376.46,2026-05-08
8548,1611.0,P053,S02,6,1759.3,2024-08-25
8549,676.0,P072,S03,5,2857.33,2025-03-28
8550,36.0,P066,S03,4,2109.6,2026-05-04
8551,16.0,P016,S05,7,2800.16,2025-03-05
8552,679.0,P083,S04,6,187.39,2025-12-15
8553,1584.0,P082,S03,7,2553.78,2025-03-24
8554,428.0,P006,S05,10,2649.74,2026-04-07
8555,1409.0,P015,S05,6,2861.97,2024-06-10
8556,1553.0,P080,S05,7,1190.26,2025-01-01
8557,404.0,P080,S04,5,1764.2,2026-06-04
8558,782.0,P095,S05,3,4415.67,2025-03-18
8559,1382.0,P053,S02,8,4323.36,2025-12-01
8560,506.0,P058,S05,7,1202.05,2024-11-24
8561,696.0,P069,S02,3,2190.96,2025-05-09
8562,1457.0,P092,S04,2,2942.85,2025-06-22
8563,1533.0,P065,S04,6,1626.07,2024-12-08
8564,1194.0,P057,S04,2,3538.54,2026-05-29
8565,1904.0,P021,S01,3,710.73,2025-01-07
8566,1937.0,P050,S04,8,1914.07,2024-06-09
8567,440.0,P011,S02,10,2171.14,2025-11-15
8568,1845.0,P096,S03,7,2401.66,2026-06-07
8569,1140.0,P046,S01,2,3288.79,2025-08-02
8570,1033.0,P009,S04,8,4731.97,2026-01-03
8571,1943.0,P050,S05,3,4202.26,2024-07-30
8572,1273.0,P084,S05,10,2541.64,2025-10-29
8573,212.0,P070,S05,8,4190.5,2026-04-09
8574,654.0,P056,S01,8,3042.68,2026-02-23
8575,1970.0,P092,S02,4,541.62,2025-09-25
8576,513.0,P012,S02,2,1024.58,2025-09-25
8577,1872.0,P058,S05,8,4056.26,2024-11-19
8578,1480.0,P055,S01,7,2217.67,2025-09-21
8579,1232.0,P062,S04,5,4711.46,2024-09-12
8580,201.0,P066,S02,8,2171.04,2025-05-08
8581,224.0,P006,S02,1,4753.53,2025-04-08
8582,1238.0,P059,S01,7,4944.91,2025-01-23
8583,1233.0,P086,S03,10,397.53,2025-05-03
8584,1627.0,P027,S04,8,3987.72,2026-04-14
8585,886.0,P053,S02,10,1060.55,2024-11-07
8586,747.0,P042,S05,10,2102.97,2026-06-03
8587,1164.0,P092,S05,9,448.97,2026-01-30
8588,236.0,P041,S03,9,2712.88,2025-05-30
8589,1793.0,P070,S02,6,1300.06,2024-10-27
8590,1264.0,P005,S02,6,1922.19,2025-06-04
8591,1402.0,P042,S04,6,3721.89,2026-01-12
8592,735.0,P096,S04,2,818.27,2025-06-05
8593,1584.0,P021,S04,10,2047.32,2025-03-02
8594,726.0,P068,S05,4,3438.96,2024-10-28
8595,1106.0,P063,S01,8,1808.6,2025-10-23
8596,70.0,P039,S03,8,3189.1,2025-11-06
8597,628.0,P027,S05,2,4854.6,2024-11-04
8598,181.0,P060,S02,5,2185.65,2025-02-07
8599,435.0,P042,S01,7,2439.56,2025-06-04
8600,744.0,P067,S05,8,4665.86,2024-12-03
8601,1681.0,P099,S03,2,2425.98,2025-01-17
8602,1898.0,P036,S05,6,2174.9,2025-01-11
8603,842.0,P056,S05,4,3535.55,2024-12-19
8604,1781.0,P097,S04,4,4088.79,2025-12-14
8605,1068.0,P072,S01,2,1616.75,2025-03-06
8606,371.0,P055,S04,8,2425.69,2025-08-03
8607,1484.0,P029,S03,9,4885.36,2025-10-31
8608,319.0,P003,S02,4,2582.16,2024-08-24
8609,1500.0,P086,S04,5,1753.98,2024-12-05
8610,1136.0,P084,S02,10,4211.8,2025-12-02
8611,1492.0,P073,S01,10,2876.07,2025-06-09
8612,48.0,P026,S05,4,2002.98,2025-06-01
8613,1481.0,P083,S02,10,2532.34,2025-12-07
8614,1979.0,P064,S02,5,3175.48,2024-12-11
8615,339.0,P046,S02,10,1416.29,2025-08-06
8616,559.0,P090,S01,3,760.1,2024-08-05
8617,1678.0,P095,S01,9,4335.51,2026-04-28
8618,1734.0,P075,S02,2,4958.08,2026-01-15
8619,1894.0,P048,S03,9,4600.37,2024-11-15
8620,1409.0,P093,S04,5,1762.04,2024-10-08
8621,1768.0,P080,S05,4,3596.59,2025-03-03
8622,219.0,P091,S04,1,2831.18,2025-04-11
8623,1504.0,P021,S02,10,1543.0,2025-09-16
8624,916.0,P083,S04,1,4698.69,2026-04-11
8625,1105.0,P062,S04,7,834.81,2025-06-01
8626,265.0,P073,S03,8,3496.85,2026-02-15
8627,1945.0,P036,S03,5,3244.97,2025-05-06
8628,1778.0,P002,S01,2,2870.14,2025-07-11
8629,494.0,P022,S05,3,2522.78,2025-12-16
8630,1432.0,P028,S04,6,1124.74,2025-08-01
8631,1511.0,P052,S03,6,2150.65,2026-04-26
8632,491.0,P088,S02,10,559.81,2026-04-22
8633,1073.0,P041,S04,9,2970.93,2025-09-26
8634,85.0,P011,S03,9,3456.3,2024-09-26
8635,696.0,P063,S03,2,329.78,2024-07-19
8636,508.0,P076,S04,10,3660.44,2025-11-17
8637,149.0,P056,S05,7,1988.17,2026-04-26
8638,1722.0,P023,S02,3,375.93,2026-06-09
8639,360.0,P082,S01,6,871.96,2024-06-15
8640,610.0,P072,S02,1,4014.81,2024-09-24
8641,1236.0,P082,S01,6,3165.24,2025-12-04
8642,43.0,P049,S02,6,710.68,2026-05-18
8643,1032.0,P084,S04,6,1008.24,2026-05-07
8644,562.0,P042,S03,9,3459.78,2025-02-23
8645,1704.0,P068,S05,1,1603.77,2026-06-05
8646,1397.0,P031,S01,7,4229.56,2025-02-15
8647,263.0,P084,S02,10,780.91,2026-02-13
8648,331.0,P093,S02,3,1272.62,2024-12-19
8649,465.0,P039,S04,7,2662.29,2025-05-29
8650,316.0,P042,S04,4,4900.63,2025-10-08
8651,478.0,P016,S03,8,2839.89,2025-05-10
8652,647.0,P079,S03,5,4749.89,2025-08-30
8653,824.0,P082,S05,9,4289.89,2025-09-02
8654,885.0,P059,S01,6,322.85,2024-07-06
8655,1286.0,P016,S02,2,1721.52,2024-09-19
8656,1852.0,P100,S02,5,4910.17,2026-02-16
8657,194.0,P053,S02,7,4726.98,2025-12-24
8658,1689.0,P051,S02,6,4537.1,2025-11-17
8659,799.0,P074,S05,3,3854.99,2026-03-10
8660,160.0,P005,S03,10,2937.14,2025-12-18
8661,1167.0,P025,S01,5,1292.25,2024-07-10
8662,1895.0,P068,S05,7,901.29,2025-02-15
8663,402.0,P079,S05,2,1821.96,2025-11-04
8664,1511.0,P096,S05,4,4607.67,2025-12-14
8665,1685.0,P027,S02,5,3552.26,2024-09-01
8666,1942.0,P066,S02,8,4210.98,2026-05-25
8667,1738.0,P084,S01,4,2436.52,2025-09-22
8668,1370.0,P077,S02,7,1885.6,2024-09-17
8669,446.0,P009,S02,4,1550.32,2025-04-12
8670,259.0,P001,S02,2,2549.13,2025-09-14
8671,832.0,P037,S03,8,2775.43,2024-11-07
8672,175.0,P070,S03,5,3298.36,2026-05-07
8673,1899.0,P005,S03,1,4506.43,2025-09-13
8674,1531.0,P047,S01,6,3411.42,2025-01-28
8675,1357.0,P049,S05,4,524.85,2024-07-04
8676,1261.0,P011,S01,9,2938.38,2025-11-23
8677,1969.0,P020,S03,10,3225.81,2025-08-02
8678,1433.0,P056,S03,10,265.2,2026-04-01
8679,1555.0,P065,S04,10,1166.94,2025-07-09
8680,728.0,P022,S03,7,1621.34,2025-10-20
8681,1960.0,P009,S04,2,1914.75,2025-09-02
8682,1827.0,P071,S05,8,1896.03,2025-12-28
8683,147.0,P038,S03,9,2366.62,2025-06-29
8684,1109.0,P038,S01,10,1741.77,2025-09-09
8685,1410.0,P082,S01,8,2721.43,2026-01-29
8686,1562.0,P066,S02,5,4093.26,2025-06-17
8687,968.0,P027,S01,10,101.75,2024-06-16
8688,1022.0,P050,S03,5,2283.73,2026-05-13
8689,138.0,P021,S01,8,626.24,2024-08-27
8690,1790.0,P013,S02,10,2991.63,2026-01-19
8691,1521.0,P065,S04,7,4313.81,2024-10-20
8692,223.0,P002,S03,6,3531.97,2025-09-20
8693,252.0,P097,S03,4,2126.17,2025-06-26
8694,152.0,P041,S02,4,541.51,2025-11-15
8695,1303.0,P050,S05,8,3418.19,2025-12-18
8696,1131.0,P073,S03,6,4733.16,2025-11-14
8697,1853.0,P067,S02,3,316.49,2025-12-30
8698,1195.0,P070,S04,3,3764.31,2026-01-01
8699,1415.0,P027,S01,10,996.59,2025-11-21
8700,1332.0,P026,S01,7,1754.94,2025-05-20
8701,660.0,P074,S05,6,3709.97,2026-04-08
8702,1805.0,P059,S01,4,522.57,2025-01-17
8703,839.0,P092,S01,7,4593.62,2024-07-07
8704,443.0,P033,S01,6,266.82,2024-07-09
8705,1788.0,P078,S01,4,2093.71,2025-01-11
8706,989.0,P092,S03,1,2880.85,2026-04-19
8707,1514.0,P043,S04,9,210.44,2025-12-24
8708,301.0,P003,S01,4,1889.78,2024-06-09
8709,1972.0,P072,S01,1,3107.87,2026-03-28
8710,360.0,P089,S01,3,393.5,2024-09-19
8711,343.0,P062,S03,9,1013.71,2024-10-14
8712,1190.0,P048,S05,3,1437.49,2026-06-01
8713,1761.0,P089,S05,2,2030.3,2024-07-20
8714,564.0,P080,S04,9,2203.9,2026-04-27
8715,1590.0,P063,S04,9,1863.12,2025-08-31
8716,1756.0,P002,S01,1,874.8,2025-10-23
8717,90.0,P068,S04,1,1102.43,2025-01-09
8718,1034.0,P072,S03,3,1554.12,2025-04-30
8719,1680.0,P018,S02,1,136.05,2025-12-02
8720,1562.0,P036,S01,4,4279.95,2025-05-17
8721,1892.0,P052,S04,6,1349.8,2025-12-12
8722,1770.0,P018,S01,9,1201.35,2026-03-03
8723,26.0,P015,S05,1,2286.41,2025-02-18
8724,26.0,P034,S02,5,875.06,2025-05-23
8725,78.0,P055,S01,8,3053.34,2025-04-26
8726,1581.0,P073,S02,10,721.77,2024-12-29
8727,1325.0,P037,S01,9,1343.3,2024-07-24
8728,1542.0,P061,S05,1,150.56,2024-07-10
8729,1533.0,P081,S04,2,3482.15,2025-02-09
8730,1049.0,P054,S02,3,1444.92,2026-02-08
8731,1887.0,P022,S05,6,848.37,2025-09-15
8732,1158.0,P004,S04,4,221.55,2026-05-04
8733,1131.0,P041,S05,3,4806.46,2026-05-10
8734,1979.0,P062,S05,2,4305.8,2025-08-10
8735,1098.0,P063,S04,2,1634.92,2025-05-01
8736,741.0,P044,S02,4,103.77,2025-11-06
8737,1750.0,P100,S01,7,709.54,2025-05-24
8738,1250.0,P027,S03,9,4716.26,2025-03-06
8739,1786.0,P046,S03,8,1392.13,2025-12-09
8740,1960.0,P075,S03,6,1354.07,2025-04-06
8741,1722.0,P012,S05,8,4841.9,2024-09-03
8742,62.0,P015,S01,7,1013.43,2025-11-25
8743,291.0,P004,S01,5,2233.67,2025-04-10
8744,928.0,P004,S04,8,3283.96,2024-09-09
8745,180.0,P100,S04,1,3207.62,2025-03-31
8746,947.0,P073,S02,7,4737.61,2026-04-05
8747,176.0,P085,S02,9,3077.77,2024-11-21
8748,527.0,P060,S03,5,982.22,2026-01-09
8749,388.0,P099,S03,8,4491.84,2024-09-21
8750,219.0,P089,S01,4,4566.09,2024-10-25
8751,137.0,P034,S04,9,3983.58,2024-07-25
8752,61.0,P006,S05,6,2186.3,2026-05-29
8753,376.0,P100,S03,6,309.05,2024-09-08
8754,46.0,P003,S05,9,912.74,2025-09-24
8755,376.0,P031,S05,5,2680.86,2025-04-27
8756,1814.0,P013,S04,9,1342.39,2025-04-20
8757,981.0,P022,S05,9,2939.34,2024-09-21
8758,297.0,P058,S03,10,3650.67,2025-10-05
8759,1074.0,P013,S02,1,3251.91,2025-02-02
8760,1469.0,P048,S04,3,1364.01,2026-03-03
8761,1856.0,P078,S04,2,1506.93,2025-01-14
8762,1601.0,P086,S04,1,3667.43,2025-02-16
8763,19.0,P057,S01,5,2718.68,2025-08-12
8764,568.0,P044,S02,3,604.28,2025-12-30
8765,1172.0,P057,S01,5,738.79,2024-11-14
8766,245.0,P090,S02,4,4194.92,2026-04-08
8767,95.0,P038,S01,8,1977.98,2025-10-05
8768,36.0,P067,S01,5,4017.57,2024-08-22
8769,154.0,P059,S04,5,271.55,2024-08-25
8770,1766.0,P042,S03,7,4032.95,2024-12-13
8771,940.0,P084,S02,10,4237.35,2025-09-24
8772,886.0,P023,S03,8,4171.38,2026-03-18
8773,1045.0,P049,S04,1,757.24,2025-03-01
8774,1308.0,P095,S05,4,1063.28,2025-03-30
8775,94.0,P006,S03,10,1496.08,2025-02-20
8776,147.0,P065,S05,1,4525.39,2025-09-05
8777,1784.0,P031,S02,8,855.93,2026-04-13
8778,584.0,P020,S03,9,2620.83,2024-08-30
8779,53.0,P050,S02,10,1977.94,2026-01-05
8780,653.0,P028,S03,8,1405.58,2025-07-18
8781,792.0,P004,S02,8,2700.8,2024-10-25
8782,709.0,P093,S02,5,4207.67,2025-03-05
8783,1511.0,P071,S03,7,4912.23,2025-05-20
8784,1779.0,P007,S01,6,4437.26,2026-02-14
8785,1724.0,P003,S01,3,2195.45,2024-07-04
8786,389.0,P028,S02,5,4494.35,2024-11-29
8787,416.0,P026,S03,9,706.99,2025-11-15
8788,1677.0,P052,S01,5,2810.46,2024-08-01
8789,1646.0,P010,S04,4,1150.88,2026-01-07
8790,1051.0,P031,S01,2,4246.78,2025-01-23
8791,1117.0,P029,S01,3,1347.86,2026-05-02
8792,1429.0,P027,S02,7,299.47,2026-01-21
8793,220.0,P018,S01,9,2723.0,2024-09-29
8794,1658.0,P067,S03,2,1929.69,2025-02-17
8795,261.0,P022,S04,4,2697.96,2025-08-10
8796,1630.0,P005,S03,9,4826.26,2026-02-27
8797,1559.0,P037,S03,3,4482.29,2026-04-24
8798,1364.0,P056,S04,6,649.75,2025-03-09
8799,1203.0,P038,S02,6,1146.72,2024-07-17
8800,1129.0,P093,S03,1,3300.91,2024-12-05
8801,1413.0,P099,S01,7,4765.69,2026-02-14
8802,868.0,P081,S04,8,3233.48,2025-11-02
8803,33.0,P031,S04,3,4139.43,2025-08-18
8804,1725.0,P094,S05,3,1405.0,2024-10-26
8805,1729.0,P063,S04,1,452.76,2026-01-27
8806,43.0,P002,S03,2,1559.97,2025-10-18
8807,606.0,P069,S05,2,3012.73,2026-05-08
8808,9.0,P100,S04,10,2641.45,2024-11-16
8809,1215.0,P065,S01,6,3766.09,2025-05-25
8810,1944.0,P100,S04,5,2702.01,2026-01-24
8811,729.0,P070,S04,3,994.56,2025-09-08
8812,339.0,P089,S01,1,3262.3,2025-10-04
8813,179.0,P084,S05,1,1111.82,2025-10-26
8814,1638.0,P078,S04,3,3010.73,2025-04-19
8815,2.0,P020,S04,4,435.04,2024-08-06
8816,448.0,P004,S04,1,3871.45,2024-11-22
8817,1214.0,P054,S01,2,4639.54,2025-10-08
8818,1670.0,P003,S04,2,4404.46,2025-02-01
8819,1308.0,P050,S01,5,4306.6,2025-08-05
8820,1490.0,P011,S03,2,3057.23,2025-11-04
8821,1290.0,P079,S03,7,3639.19,2024-08-23
8822,818.0,P054,S01,8,4423.37,2026-01-24
8823,1855.0,P081,S05,4,370.38,2025-04-15
8824,1954.0,P060,S04,4,2968.47,2025-08-29
8825,345.0,P011,S03,4,3381.56,2025-12-30
8826,130.0,P001,S01,10,1581.17,2024-08-10
8827,1489.0,P023,S04,7,2805.05,2024-08-05
8828,306.0,P029,S03,5,1484.5,2024-07-04
8829,1876.0,P003,S03,4,3088.53,2025-12-23
8830,179.0,P093,S02,9,3429.4,2025-12-25
8831,886.0,P066,S02,6,2654.33,2025-06-01
8832,803.0,P009,S04,4,3377.09,2025-03-29
8833,1950.0,P092,S03,4,3087.15,2025-02-07
8834,164.0,P042,S01,2,3873.98,2025-07-25
8835,1095.0,P047,S04,2,4378.08,2024-11-14
8836,63.0,P056,S03,8,1618.84,2024-07-15
8837,937.0,P060,S04,9,2299.77,2024-12-10
8838,380.0,P051,S02,2,4639.88,2026-03-22
8839,976.0,P089,S02,9,4726.99,2024-07-19
8840,1215.0,P079,S03,5,767.38,2026-03-20
8841,753.0,P042,S02,1,1272.6,2026-01-27
8842,768.0,P048,S04,6,4306.37,2026-04-24
8843,1227.0,P049,S01,8,1000.37,2025-06-28
8844,1864.0,P082,S02,8,4739.49,2025-01-05
8845,1850.0,P040,S02,6,4918.26,2025-03-14
8846,122.0,P069,S01,2,2253.41,2025-12-19
8847,1806.0,P091,S05,1,3690.16,2025-03-01
8848,1266.0,P088,S02,5,2047.6,2025-11-26
8849,362.0,P025,S01,10,795.19,2025-03-24
8850,1006.0,P028,S02,6,4706.02,2026-06-05
8851,725.0,P037,S02,2,820.02,2025-02-19
8852,506.0,P037,S02,8,4277.12,2025-07-09
8853,534.0,P088,S03,6,2217.03,2025-12-24
8854,468.0,P053,S02,10,2898.92,2026-01-08
8855,1131.0,P038,S02,10,2517.55,2026-01-05
8856,1851.0,P093,S05,9,4928.28,2024-09-17
8857,174.0,P002,S03,1,3699.1,2026-02-02
8858,974.0,P052,S04,3,2300.44,2024-08-23
8859,383.0,P036,S01,2,157.24,2024-10-05
8860,828.0,P026,S01,9,357.64,2025-12-15
8861,1533.0,P091,S04,8,3513.68,2025-09-11
8862,1713.0,P016,S05,4,962.05,2026-02-24
8863,1563.0,P088,S01,6,4674.43,2024-08-13
8864,372.0,P004,S01,10,487.1,2026-05-14
8865,1436.0,P019,S04,1,4033.5,2025-09-20
8866,836.0,P066,S03,8,338.02,2025-11-30
8867,1423.0,P024,S03,9,3396.46,2025-08-05
8868,1326.0,P012,S01,6,3646.06,2026-05-09
8869,821.0,P097,S03,7,2811.22,2025-09-06
8870,1524.0,P049,S01,4,4334.32,2024-09-18
8871,1682.0,P030,S02,3,1630.9,2024-06-30
8872,1684.0,P091,S04,7,2219.42,2025-09-15
8873,726.0,P037,S05,7,4647.88,2024-08-23
8874,370.0,P002,S03,1,1048.97,2024-09-04
8875,120.0,P062,S05,9,522.77,2025-10-05
8876,207.0,P072,S01,8,998.3,2024-11-16
8877,358.0,P046,S02,9,902.27,2025-05-14
8878,486.0,P040,S04,4,2567.35,2026-05-18
8879,1083.0,P078,S04,2,3281.25,2024-07-06
8880,823.0,P076,S02,8,3377.14,2024-07-19
8881,576.0,P099,S01,5,2012.59,2025-06-14
8882,580.0,P019,S05,3,4658.93,2025-01-23
8883,1718.0,P009,S02,6,3459.89,2026-05-10
8884,847.0,P100,S04,7,1078.25,2025-08-12
8885,545.0,P069,S03,6,3390.71,2025-10-19
8886,145.0,P040,S01,9,2057.66,2024-09-11
8887,1421.0,P006,S04,6,4730.31,2024-08-12
8888,1230.0,P089,S04,4,2965.56,2025-06-16
8889,1327.0,P052,S02,5,4671.65,2024-09-13
8890,1492.0,P085,S02,4,1057.89,2024-07-10
8891,954.0,P069,S03,7,4967.35,2025-11-23
8892,1540.0,P045,S01,6,3686.48,2024-08-22
8893,1808.0,P013,S03,3,3796.32,2024-09-10
8894,815.0,P029,S02,2,3239.77,2025-03-20
8895,1204.0,P053,S01,10,3549.85,2024-10-06
8896,1963.0,P092,S04,2,1996.97,2024-11-28
8897,456.0,P100,S01,2,3249.45,2025-07-31
8898,883.0,P059,S04,5,3327.67,2025-05-27
8899,267.0,P094,S03,9,4797.62,2025-07-21
8900,1598.0,P035,S05,8,2062.55,2026-05-10
8901,1299.0,P044,S04,4,541.39,2025-05-05
8902,322.0,P073,S05,7,1483.58,2025-09-29
8903,1394.0,P023,S01,1,2088.78,2024-11-27
8904,1148.0,P055,S02,2,724.47,2025-06-07
8905,1284.0,P072,S03,8,1648.09,2025-01-06
8906,880.0,P008,S01,4,4292.68,2024-07-02
8907,1531.0,P049,S05,10,178.86,2024-12-19
8908,1899.0,P018,S01,1,2288.86,2025-03-30
8909,981.0,P010,S03,2,336.26,2025-10-27
8910,259.0,P001,S04,8,464.12,2024-11-02
8911,1371.0,P081,S02,5,4189.37,2025-10-06
8912,371.0,P053,S02,5,1185.62,2024-07-25
8913,1863.0,P095,S04,9,4565.72,2025-12-26
8914,1916.0,P030,S02,9,523.72,2024-07-09
8915,1976.0,P010,S02,9,192.31,2025-01-24
8916,1833.0,P014,S05,6,2289.82,2025-11-14
8917,275.0,P046,S04,7,1155.37,2024-06-11
8918,1513.0,P063,S01,7,511.56,2024-07-10
8919,80.0,P007,S03,1,4258.92,2025-06-02
8920,1852.0,P012,S05,3,4567.85,2025-11-18
8921,1311.0,P023,S03,5,915.95,2026-01-17
8922,661.0,P041,S01,4,2490.04,2025-07-24
8923,749.0,P008,S03,3,2816.61,2025-07-13
8924,1143.0,P042,S01,6,1464.54,2024-08-18
8925,1413.0,P065,S02,2,2189.97,2026-04-30
8926,1893.0,P004,S04,10,1557.39,2025-12-15
8927,535.0,P092,S03,5,2931.35,2026-05-08
8928,43.0,P086,S01,1,2552.0,2025-08-16
8929,133.0,P017,S03,4,3366.13,2024-12-08
8930,1722.0,P062,S04,5,4804.39,2025-11-03
8931,720.0,P040,S01,1,2139.96,2025-08-15
8932,1702.0,P048,S01,2,4893.0,2026-03-07
8933,665.0,P080,S01,8,3051.88,2026-04-17
8934,904.0,P003,S04,3,4514.77,2026-05-08
8935,1611.0,P036,S04,2,3974.56,2024-08-20
8936,1716.0,P041,S03,3,3066.65,2025-01-06
8937,1052.0,P091,S05,4,1405.7,2026-04-12
8938,1714.0,P098,S02,4,4155.13,2025-11-07
8939,42.0,P024,S02,8,2719.13,2026-02-14
8940,827.0,P010,S02,1,738.56,2024-11-26
8941,1026.0,P084,S04,6,3550.79,2025-12-03
8942,1903.0,P096,S04,1,1001.37,2025-08-17
8943,189.0,P037,S04,6,4431.97,2026-04-26
8944,1889.0,P069,S05,5,4341.61,2025-05-11
8945,1285.0,P063,S01,5,398.26,2025-03-09
8946,1505.0,P050,S01,9,3556.38,2026-04-19
8947,392.0,P051,S03,4,3590.5,2025-06-03
8948,282.0,P075,S05,6,1580.29,2024-08-24
8949,962.0,P029,S03,7,4582.65,2025-06-14
8950,1143.0,P006,S03,6,3110.43,2026-03-09
8951,1603.0,P014,S01,4,4159.7,2026-01-15
8952,1047.0,P009,S03,6,168.04,2025-05-19
8953,486.0,P047,S01,3,1663.65,2025-09-22
8954,1440.0,P021,S05,1,868.24,2024-07-28
8955,796.0,P045,S03,8,4638.34,2025-02-02
8956,1145.0,P039,S02,10,2855.31,2026-01-02
8957,499.0,P006,S01,2,2590.09,2024-07-15
8958,1534.0,P063,S02,5,3121.9,2026-02-19
8959,829.0,P100,S02,1,2371.48,2024-07-15
8960,582.0,P093,S05,5,3140.72,2025-04-15
8961,1376.0,P031,S05,8,3101.68,2026-05-01
8962,1551.0,P033,S05,7,3184.87,2025-10-15
8963,535.0,P091,S05,5,1058.75,2024-10-27
8964,1974.0,P019,S02,7,461.62,2026-02-05
8965,1208.0,P067,S04,10,463.64,2024-07-17
8966,736.0,P027,S03,2,2127.31,2024-10-18
8967,209.0,P042,S03,6,1639.64,2024-12-07
8968,1412.0,P041,S04,6,4864.88,2025-01-22
8969,109.0,P065,S02,7,3198.01,2025-07-15
8970,95.0,P044,S03,6,4637.95,2026-03-17
8971,1889.0,P075,S03,7,937.22,2024-07-16
8972,1906.0,P036,S03,4,3728.99,2024-08-18
8973,1019.0,P030,S05,7,1483.8,2026-03-28
8974,67.0,P010,S02,1,2955.37,2025-03-10
8975,348.0,P046,S05,8,107.4,2025-10-21
8976,1413.0,P037,S01,9,2008.61,2024-06-22
8977,1353.0,P066,S03,5,4655.17,2026-06-04
8978,387.0,P012,S03,5,4705.88,2025-01-26
8979,335.0,P041,S05,7,1035.1,2024-08-10
8980,523.0,P040,S01,8,2136.91,2024-10-05
8981,312.0,P095,S04,3,1032.2,2026-01-22
8982,970.0,P008,S05,3,2472.35,2024-10-25
8983,1638.0,P096,S03,3,1629.44,2026-05-15
8984,1875.0,P024,S03,6,1086.01,2024-07-13
8985,149.0,P023,S02,4,1277.2,2026-05-21
8986,314.0,P004,S03,1,4195.8,2025-06-02
8987,1992.0,P008,S04,3,1244.03,2024-10-04
8988,1131.0,P058,S05,6,4557.11,2025-04-30
8989,1545.0,P099,S05,6,4628.55,2024-09-05
8990,1140.0,P012,S02,6,4529.1,2026-02-25
8991,1881.0,P054,S05,5,3357.26,2025-07-16
8992,39.0,P041,S01,10,2350.82,2025-08-05
8993,1676.0,P070,S01,8,4668.02,2026-03-24
8994,1940.0,P011,S05,4,652.25,2026-02-18
8995,1347.0,P029,S04,9,2242.25,2024-10-26
8996,1107.0,P060,S02,3,1785.67,2026-05-28
8997,42.0,P048,S02,8,399.07,2024-12-24
8998,1231.0,P003,S04,7,3193.45,2024-10-27
8999,1264.0,P067,S01,8,1604.63,2024-11-05
9000,87.0,P013,S01,8,845.34,2024-09-11
9001,924.0,P070,S01,3,2038.14,2025-03-08
9002,236.0,P098,S02,9,352.91,2025-09-06
9003,1653.0,P020,S02,7,3785.94,2026-01-10
9004,982.0,P039,S05,4,3158.94,2025-02-27
9005,1016.0,P019,S02,3,3743.17,2024-07-20
9006,788.0,P065,S03,7,3399.07,2025-08-14
9007,1057.0,P081,S01,6,3946.66,2025-06-26
9008,1297.0,P016,S05,4,1677.91,2026-03-26
9009,1341.0,P008,S01,7,286.85,2025-06-14
9010,1903.0,P057,S05,4,249.28,2024-09-19
9011,892.0,P085,S02,4,3321.13,2026-05-19
9012,1843.0,P063,S01,5,1499.42,2025-06-21
9013,456.0,P035,S03,2,2593.23,2024-09-13
9014,1944.0,P062,S03,5,4161.68,2025-09-22
9015,1971.0,P099,S04,1,1702.41,2025-10-01
9016,950.0,P015,S05,10,3964.65,2025-01-22
9017,1011.0,P021,S05,9,4008.19,2025-11-19
9018,1270.0,P079,S05,2,4310.79,2025-11-23
9019,1343.0,P098,S03,8,1294.11,2025-11-15
9020,1637.0,P046,S02,3,2539.59,2025-08-03
9021,631.0,P090,S02,10,404.53,2026-05-27
9022,222.0,P040,S01,5,4405.52,2025-05-16
9023,699.0,P086,S03,10,1951.41,2025-03-04
9024,152.0,P024,S01,1,3788.98,2026-01-08
9025,1254.0,P030,S01,7,4812.84,2026-01-01
9026,1723.0,P032,S01,6,4098.86,2025-09-21
9027,1924.0,P088,S03,8,830.81,2025-10-17
9028,869.0,P019,S02,1,3087.61,2025-07-04
9029,1956.0,P078,S03,3,4115.25,2025-12-06
9030,1835.0,P065,S01,5,4637.62,2026-05-02
9031,1874.0,P092,S02,9,2929.47,2024-12-01
9032,1626.0,P049,S01,8,665.68,2025-10-17
9033,1232.0,P099,S04,9,3473.25,2025-10-23
9034,146.0,P073,S02,3,4438.58,2025-11-03
9035,1208.0,P085,S03,10,2794.67,2024-08-24
9036,323.0,P099,S05,3,4175.12,2026-02-07
9037,531.0,P074,S04,4,4452.18,2024-07-13
9038,5.0,P032,S01,7,3065.41,2026-04-30
9039,1092.0,P088,S01,3,3532.9,2025-05-22
9040,267.0,P074,S02,5,1039.36,2024-06-21
9041,630.0,P070,S04,10,3094.74,2024-07-11
9042,1155.0,P019,S05,3,3055.86,2025-01-01
9043,1694.0,P041,S03,9,1634.85,2026-05-18
9044,619.0,P023,S03,5,4834.63,2026-04-26
9045,1917.0,P004,S02,5,4660.55,2024-09-27
9046,898.0,P049,S03,2,1662.98,2025-12-28
9047,875.0,P029,S01,8,2938.41,2024-08-27
9048,338.0,P079,S03,9,454.36,2025-10-24
9049,544.0,P049,S04,6,824.07,2025-11-29
9050,859.0,P042,S03,3,728.29,2026-04-12
9051,1488.0,P056,S03,2,2887.99,2026-04-17
9052,1409.0,P074,S03,6,1922.76,2026-03-06
9053,223.0,P033,S04,5,211.53,2024-07-04
9054,1600.0,P022,S04,5,3801.36,2025-12-07
9055,1889.0,P026,S05,9,3215.35,2026-03-04
9056,1899.0,P041,S02,9,1092.29,2024-08-01
9057,1597.0,P009,S05,7,3626.47,2025-07-09
9058,1328.0,P080,S03,5,926.78,2025-10-07
9059,816.0,P072,S04,7,2365.47,2026-01-19
9060,1572.0,P098,S05,9,668.92,2024-08-03
9061,1456.0,P065,S05,5,3348.62,2026-02-10
9062,1393.0,P036,S05,3,2219.07,2025-08-25
9063,1100.0,P073,S05,8,3366.3,2026-04-08
9064,968.0,P052,S01,2,2648.18,2025-01-01
9065,1099.0,P003,S05,5,1336.24,2025-03-22
9066,128.0,P033,S05,5,1637.46,2024-11-27
9067,1907.0,P018,S02,8,2426.76,2024-06-24
9068,488.0,P060,S01,7,3948.2,2024-07-19
9069,750.0,P076,S05,9,3703.64,2024-07-16
9070,1348.0,P096,S04,8,3307.53,2025-09-29
9071,873.0,P045,S02,5,542.1,2025-07-22
9072,1515.0,P098,S05,10,4378.8,2025-09-29
9073,670.0,P086,S03,5,357.71,2025-12-23
9074,802.0,P027,S05,4,2165.92,2026-03-20
9075,1310.0,P064,S04,1,4844.31,2025-09-13
9076,1599.0,P058,S02,4,695.11,2025-11-14
9077,143.0,P019,S03,3,3327.41,2025-03-30
9078,1988.0,P095,S04,6,2169.7,2024-10-18
9079,898.0,P011,S04,8,4354.78,2025-09-23
9080,834.0,P064,S05,1,4169.27,2024-11-29
9081,1329.0,P057,S01,1,1378.08,2025-02-10
9082,1140.0,P065,S04,3,3751.09,2026-05-09
9083,1644.0,P076,S01,8,663.4,2025-05-25
9084,1594.0,P092,S05,1,1169.08,2025-07-11
9085,1098.0,P030,S01,1,4313.39,2025-06-22
9086,1388.0,P044,S01,9,2153.26,2026-01-08
9087,532.0,P046,S05,9,2235.27,2025-06-19
9088,317.0,P005,S05,5,902.2,2025-07-20
9089,186.0,P067,S05,8,3084.94,2024-07-31
9090,1442.0,P028,S04,4,415.64,2025-03-01
9091,1689.0,P017,S04,2,520.96,2026-06-07
9092,921.0,P084,S03,8,2586.74,2026-04-25
9093,1362.0,P058,S05,10,628.84,2026-05-21
9094,584.0,P028,S02,7,4756.15,2026-04-11
9095,1295.0,P034,S03,2,756.23,2026-03-28
9096,936.0,P007,S04,2,4460.28,2025-01-07
9097,1372.0,P059,S04,5,2773.4,2024-10-13
9098,1718.0,P025,S04,8,4624.62,2024-11-06
9099,1763.0,P038,S04,3,2081.76,2026-03-05
9100,494.0,P008,S01,8,2420.66,2026-01-08
9101,637.0,P008,S03,7,3457.01,2025-01-18
9102,993.0,P100,S05,5,4292.69,2026-06-01
9103,678.0,P079,S05,9,4256.55,2024-09-06
9104,1992.0,P075,S02,5,2715.92,2024-12-02
9105,1540.0,P027,S01,3,1957.52,2025-09-03
9106,1996.0,P014,S05,6,4836.42,2024-07-13
9107,1011.0,P025,S05,5,3611.27,2025-11-07
9108,207.0,P027,S02,2,1514.71,2026-02-14
9109,548.0,P086,S05,8,1884.36,2026-04-22
9110,1554.0,P086,S02,4,984.41,2026-03-25
9111,62.0,P059,S02,7,4136.6,2024-08-23
9112,687.0,P071,S03,5,273.6,2025-03-22
9113,77.0,P061,S04,1,3784.1,2025-06-07
9114,1266.0,P022,S05,2,499.94,2025-07-02
9115,867.0,P011,S05,4,4618.39,2026-03-05
9116,1147.0,P042,S05,8,702.5,2025-08-07
9117,1739.0,P091,S05,6,4868.21,2024-11-07
9118,577.0,P041,S05,10,2462.92,2024-11-09
9119,1827.0,P036,S01,1,1993.36,2025-05-02
9120,358.0,P023,S02,9,305.77,2024-07-29
9121,1273.0,P099,S04,4,3622.37,2025-06-13
9122,343.0,P062,S03,4,2737.64,2026-01-21
9123,290.0,P036,S04,5,660.41,2026-04-17
9124,1938.0,P081,S03,9,3559.17,2026-03-27
9125,991.0,P006,S05,7,2119.81,2025-02-24
9126,844.0,P044,S02,5,938.25,2025-01-08
9127,583.0,P011,S05,7,3058.28,2024-08-26
9128,1973.0,P068,S01,4,4322.24,2026-02-06
9129,1602.0,P077,S05,10,3282.65,2025-01-11
9130,385.0,P097,S01,9,725.08,2024-07-22
9131,1514.0,P001,S04,8,4614.62,2026-02-04
9132,186.0,P001,S01,5,3207.87,2025-12-08
9133,1707.0,P007,S01,2,1015.67,2025-06-19
9134,1259.0,P060,S05,3,4359.5,2026-01-17
9135,599.0,P009,S02,5,849.99,2026-05-18
9136,1516.0,P078,S03,2,4596.97,2024-06-28
9137,1261.0,P067,S04,3,3702.14,2025-11-26
9138,1619.0,P044,S03,6,408.12,2025-10-11
9139,1903.0,P032,S04,3,481.69,2025-11-06
9140,1078.0,P027,S03,8,402.66,2025-03-03
9141,1452.0,P021,S02,6,488.91,2024-07-29
9142,1015.0,P061,S02,10,4419.42,2026-02-02
9143,470.0,P008,S04,6,3646.37,2026-04-24
9144,1328.0,P028,S02,10,1879.2,2025-08-05
9145,1854.0,P094,S05,5,4021.73,2024-08-23
9146,1134.0,P070,S03,1,689.73,2025-09-06
9147,1942.0,P017,S01,6,907.63,2024-07-20
9148,1810.0,P081,S02,6,4500.35,2025-10-03
9149,731.0,P081,S03,4,2800.74,2025-08-02
9150,1825.0,P092,S04,10,4628.37,2024-07-08
9151,238.0,P049,S05,4,2563.29,2025-08-19
9152,1376.0,P012,S01,9,949.03,2025-02-14
9153,673.0,P006,S05,4,748.36,2025-01-29
9154,1132.0,P074,S02,8,641.41,2025-11-11
9155,1841.0,P057,S05,8,1572.39,2025-12-24
9156,958.0,P016,S05,2,4181.27,2026-04-30
9157,1626.0,P024,S03,5,484.17,2025-04-05
9158,272.0,P035,S02,10,670.32,2026-02-22
9159,1613.0,P006,S04,2,3771.31,2026-05-04
9160,178.0,P071,S03,5,1148.45,2025-12-11
9161,22.0,P095,S04,1,4500.43,2024-07-03
9162,1736.0,P031,S01,4,3082.49,2025-07-08
9163,1992.0,P091,S02,5,2342.85,2024-06-26
9164,1572.0,P058,S02,5,1912.15,2024-09-06
9165,1087.0,P048,S05,1,148.96,2025-07-05
9166,493.0,P048,S03,4,2704.17,2026-03-17
9167,1405.0,P098,S02,6,1619.72,2025-03-16
9168,1203.0,P083,S05,3,3114.68,2025-07-16
9169,1888.0,P051,S02,10,337.0,2025-04-16
9170,1967.0,P064,S01,10,2195.09,2025-02-28
9171,857.0,P057,S04,4,2666.31,2025-10-30
9172,110.0,P005,S04,1,196.3,2025-01-29
9173,993.0,P041,S04,4,736.03,2025-10-01
9174,1130.0,P049,S03,4,4894.68,2025-07-12
9175,1964.0,P046,S03,2,2282.36,2024-10-30
9176,977.0,P099,S01,8,3869.6,2026-01-27
9177,1584.0,P015,S05,3,1653.49,2025-02-13
9178,1875.0,P088,S03,4,1644.22,2024-09-20
9179,1488.0,P050,S03,3,162.25,2026-03-31
9180,1598.0,P023,S05,1,1973.06,2026-06-03
9181,1040.0,P013,S03,1,4628.87,2026-06-06
9182,478.0,P018,S01,8,4665.69,2025-10-05
9183,95.0,P021,S05,5,3431.21,2026-03-31
9184,725.0,P038,S03,7,951.15,2025-08-02
9185,1485.0,P039,S03,1,1915.52,2024-09-02
9186,1143.0,P027,S02,10,4627.9,2026-03-21
9187,1997.0,P056,S02,10,3444.27,2024-08-11
9188,1407.0,P076,S02,6,4765.48,2026-01-30
9189,12.0,P028,S03,9,3949.29,2025-06-05
9190,1482.0,P086,S04,7,3347.49,2024-10-03
9191,214.0,P086,S05,4,2394.77,2025-02-21
9192,937.0,P066,S04,5,3010.23,2026-04-08
9193,592.0,P024,S04,2,3658.84,2024-12-14
9194,1919.0,P056,S04,4,3382.0,2024-09-02
9195,1330.0,P096,S03,2,3546.9,2025-08-17
9196,766.0,P086,S02,5,2523.08,2026-05-30
9197,792.0,P039,S05,9,1847.05,2024-06-20
9198,1686.0,P048,S05,1,3002.94,2024-08-23
9199,442.0,P051,S04,10,2696.1,2026-05-11
9200,258.0,P011,S04,7,1651.37,2026-05-31
9201,293.0,P084,S01,10,2873.27,2025-07-07
9202,1467.0,P063,S01,2,2179.07,2025-08-26
9203,1400.0,P049,S01,8,4323.28,2025-03-14
9204,1169.0,P002,S04,2,3111.1,2025-11-28
9205,1235.0,P016,S05,2,1981.11,2025-08-17
9206,1518.0,P050,S01,8,2925.38,2025-06-20
9207,1035.0,P050,S01,8,2963.85,2025-08-22
9208,174.0,P032,S04,9,4062.17,2025-10-13
9209,676.0,P032,S02,1,2292.28,2025-01-18
9210,901.0,P005,S05,3,881.1,2025-01-07
9211,32.0,P068,S04,7,2932.83,2026-03-20
9212,866.0,P055,S02,9,3736.97,2024-06-20
9213,1507.0,P040,S04,3,4642.58,2025-05-19
9214,1493.0,P010,S03,6,3160.47,2024-10-06
9215,296.0,P009,S03,9,1784.68,2026-04-03
9216,634.0,P062,S02,5,4716.02,2025-07-09
9217,1459.0,P084,S01,3,4953.37,2025-04-09
9218,1074.0,P012,S05,8,704.37,2024-10-14
9219,914.0,P035,S05,10,3680.23,2025-07-15
9220,75.0,P085,S03,2,3202.47,2025-08-17
9221,753.0,P075,S02,7,2859.93,2026-01-30
9222,627.0,P082,S01,3,568.67,2024-06-23
9223,515.0,P067,S03,3,4404.26,2025-07-06
9224,690.0,P011,S04,9,724.45,2026-02-07
9225,344.0,P015,S04,8,3084.35,2024-09-04
9226,9.0,P045,S02,1,1380.68,2026-04-18
9227,1947.0,P031,S04,2,1575.42,2025-10-29
9228,263.0,P005,S03,10,2940.86,2026-03-11
9229,1778.0,P026,S04,9,4658.72,2025-02-02
9230,1698.0,P095,S04,9,1851.74,2024-09-22
9231,641.0,P097,S01,2,2427.54,2025-02-09
9232,167.0,P010,S02,2,418.31,2024-07-24
9233,1495.0,P004,S01,6,3179.55,2026-04-28
9234,364.0,P079,S01,3,2531.62,2026-04-04
9235,909.0,P052,S05,6,2249.32,2024-11-13
9236,1697.0,P087,S01,2,4837.38,2025-11-24
9237,64.0,P094,S05,9,2624.77,2026-04-12
9238,1973.0,P076,S05,5,528.32,2024-08-22
9239,404.0,P023,S03,4,1512.07,2025-09-28
9240,1076.0,P098,S05,1,2322.36,2026-04-04
9241,1176.0,P068,S02,10,1900.08,2025-06-27
9242,1080.0,P042,S04,3,4501.94,2026-01-13
9243,942.0,P049,S02,4,4952.44,2025-12-01
9244,1001.0,P017,S03,8,3685.88,2025-12-24
9245,1832.0,P065,S05,3,2580.5,2025-01-23
9246,943.0,P059,S05,6,3746.84,2025-11-30
9247,168.0,P056,S03,10,3911.11,2024-11-29
9248,55.0,P025,S05,9,3352.41,2025-06-20
9249,1535.0,P074,S03,4,3406.41,2025-03-25
9250,1844.0,P067,S01,4,3655.37,2025-05-24
9251,1722.0,P019,S03,4,4146.49,2026-05-12
9252,274.0,P042,S03,3,4054.19,2024-07-02
9253,1351.0,P072,S02,1,4757.19,2025-10-17
9254,367.0,P094,S02,1,1567.92,2025-04-02
9255,492.0,P080,S01,4,3145.52,2025-11-17
9256,145.0,P013,S04,1,853.23,2025-12-31
9257,1265.0,P018,S03,7,3682.75,2024-08-12
9258,1223.0,P015,S04,9,2216.66,2026-04-09
9259,1267.0,P048,S03,5,4777.73,2024-08-14
9260,1580.0,P005,S01,10,2849.3,2026-01-09
9261,1235.0,P055,S05,2,369.96,2025-01-17
9262,638.0,P027,S01,10,1356.88,2026-01-09
9263,1272.0,P006,S02,10,2887.72,2026-01-14
9264,149.0,P009,S04,4,709.48,2025-02-15
9265,925.0,P059,S04,5,1163.26,2025-09-03
9266,773.0,P099,S02,7,2944.54,2026-03-15
9267,1558.0,P006,S02,2,4129.71,2025-02-14
9268,530.0,P034,S03,5,1237.22,2026-01-04
9269,77.0,P050,S02,5,2411.6,2025-07-24
9270,1054.0,P041,S01,5,1674.96,2025-08-22
9271,1342.0,P055,S02,6,2435.95,2025-12-11
9272,1960.0,P067,S05,1,3786.0,2025-05-14
9273,325.0,P044,S01,6,3453.83,2026-01-18
9274,835.0,P078,S05,6,1010.92,2024-08-30
9275,1882.0,P061,S04,4,3810.64,2025-12-07
9276,1577.0,P094,S02,10,3017.5,2024-10-31
9277,508.0,P073,S03,6,3272.81,2025-07-04
9278,1638.0,P029,S02,1,4398.68,2025-03-10
9279,407.0,P024,S03,10,2539.01,2025-09-04
9280,1547.0,P034,S02,10,288.26,2025-06-09
9281,1603.0,P030,S05,4,4055.95,2025-03-08
9282,1852.0,P017,S05,2,4547.68,2025-04-03
9283,1126.0,P073,S05,5,4561.58,2025-11-15
9284,1194.0,P038,S03,2,1352.54,2026-04-26
9285,1216.0,P079,S03,1,3618.47,2024-12-02
9286,962.0,P043,S03,2,2077.51,2026-02-20
9287,1697.0,P047,S03,7,1221.87,2024-07-08
9288,349.0,P060,S04,7,119.02,2025-02-13
9289,1393.0,P051,S04,8,1334.26,2025-05-12
9290,1598.0,P026,S03,4,3204.6,2025-10-19
9291,834.0,P054,S05,7,587.05,2026-02-04
9292,11.0,P040,S02,5,1687.13,2026-05-05
9293,1583.0,P070,S05,9,1620.29,2024-07-06
9294,52.0,P088,S02,1,1671.16,2026-03-06
9295,1673.0,P055,S01,9,2034.18,2026-03-25
9296,996.0,P038,S04,6,530.07,2024-06-22
9297,1433.0,P022,S02,9,1728.09,2025-02-25
9298,398.0,P007,S03,4,4601.52,2026-05-21
9299,486.0,P025,S04,4,1371.5,2026-03-20
9300,584.0,P093,S02,6,2758.72,2025-02-06
9301,1363.0,P092,S03,3,3875.69,2025-09-18
9302,563.0,P052,S04,4,2242.1,2025-02-15
9303,112.0,P029,S04,10,3160.95,2025-06-20
9304,1771.0,P026,S02,2,3821.79,2025-12-11
9305,1383.0,P009,S05,8,2342.6,2026-03-31
9306,1055.0,P014,S05,6,2393.0,2025-05-19
9307,318.0,P063,S02,5,4247.7,2024-07-01
9308,1617.0,P094,S03,7,3888.34,2026-02-24
9309,420.0,P064,S05,5,4965.45,2025-10-25
9310,1959.0,P096,S04,4,1304.65,2024-11-30
9311,1434.0,P074,S03,5,3782.5,2026-03-21
9312,617.0,P039,S04,5,1454.53,2024-09-30
9313,115.0,P077,S01,6,725.43,2026-03-19
9314,426.0,P072,S03,4,4456.23,2025-09-18
9315,1713.0,P041,S01,2,2359.8,2024-07-28
9316,448.0,P013,S03,5,4651.55,2026-06-05
9317,795.0,P094,S02,4,2550.21,2025-08-06
9318,1597.0,P021,S05,3,854.54,2024-06-14
9319,575.0,P027,S02,6,403.18,2025-11-12
9320,195.0,P023,S05,7,2199.38,2025-11-07
9321,917.0,P057,S05,10,400.97,2026-01-18
9322,1399.0,P069,S03,9,4375.54,2025-08-31
9323,582.0,P087,S04,10,3576.05,2024-06-23
9324,201.0,P017,S01,2,4245.55,2025-08-18
9325,544.0,P028,S03,4,3264.01,2025-10-26
9326,513.0,P060,S01,8,3969.42,2025-11-25
9327,1583.0,P049,S02,2,3894.37,2025-03-20
9328,1488.0,P038,S05,7,1140.41,2024-06-10
9329,940.0,P076,S05,1,1484.22,2025-02-05
9330,958.0,P063,S04,8,1275.42,2026-04-12
9331,1504.0,P050,S04,6,2785.95,2024-09-09
9332,706.0,P029,S04,1,4791.86,2026-03-28
9333,962.0,P057,S01,3,3136.43,2025-12-02
9334,892.0,P095,S01,10,421.58,2026-02-02
9335,228.0,P004,S04,10,2034.82,2024-09-18
9336,534.0,P026,S03,8,4616.0,2024-09-24
9337,1627.0,P100,S04,3,3797.55,2024-11-10
9338,1044.0,P016,S03,9,3671.28,2026-05-31
9339,3.0,P056,S05,8,301.84,2025-11-11
9340,200.0,P067,S04,1,1921.98,2024-08-18
9341,681.0,P092,S05,5,4745.15,2025-07-25
9342,61.0,P085,S03,5,3664.41,2024-06-11
9343,326.0,P055,S01,7,3156.55,2026-01-15
9344,1230.0,P094,S01,7,3922.93,2025-02-09
9345,541.0,P008,S03,10,3042.71,2025-02-27
9346,438.0,P042,S02,5,200.73,2025-03-19
9347,783.0,P011,S03,4,2163.68,2025-07-08
9348,1562.0,P050,S03,10,364.84,2024-10-23
9349,1030.0,P084,S03,10,4688.35,2024-09-04
9350,1663.0,P036,S01,2,3420.54,2024-11-22
9351,1742.0,P095,S04,7,4854.83,2025-04-24
9352,495.0,P088,S04,6,640.58,2025-11-15
9353,1616.0,P019,S04,4,4950.76,2025-10-02
9354,109.0,P019,S03,9,993.79,2024-12-11
9355,335.0,P056,S03,6,2127.48,2026-05-04
9356,704.0,P027,S05,3,4604.2,2025-06-21
9357,1132.0,P065,S03,7,3698.21,2026-01-10
9358,413.0,P040,S01,7,4428.18,2025-06-06
9359,1499.0,P062,S02,6,792.75,2026-03-11
9360,660.0,P043,S02,10,4472.5,2025-02-20
9361,730.0,P037,S01,4,4625.04,2025-06-01
9362,1595.0,P066,S01,5,560.56,2026-05-28
9363,1263.0,P053,S05,4,4248.69,2024-12-17
9364,1866.0,P034,S02,2,4542.26,2025-07-07
9365,875.0,P065,S02,9,1089.82,2025-06-21
9366,1005.0,P066,S02,8,1044.98,2024-12-21
9367,1493.0,P086,S01,3,829.83,2025-09-07
9368,1330.0,P015,S01,4,151.67,2025-06-16
9369,549.0,P004,S05,3,3501.44,2026-02-07
9370,1415.0,P069,S02,1,3729.67,2026-05-26
9371,683.0,P050,S03,8,3055.63,2025-07-09
9372,928.0,P004,S03,4,3625.88,2025-08-22
9373,1551.0,P009,S02,8,1458.61,2025-04-16
9374,437.0,P079,S03,7,2837.96,2024-10-15
9375,211.0,P059,S05,7,4557.65,2026-02-20
9376,141.0,P081,S01,9,2191.63,2024-07-26
9377,406.0,P023,S01,4,1668.34,2026-03-25
9378,1211.0,P046,S03,5,4121.44,2025-05-08
9379,1403.0,P028,S04,1,3641.12,2025-12-19
9380,838.0,P091,S04,9,586.53,2025-06-02
9381,875.0,P015,S02,1,4135.07,2025-04-12
9382,871.0,P081,S03,10,1763.56,2024-12-02
9383,482.0,P046,S01,6,3112.36,2024-12-01
9384,159.0,P068,S02,10,4611.97,2025-11-08
9385,1313.0,P090,S03,3,4198.93,2025-11-05
9386,271.0,P054,S03,7,4768.76,2026-05-07
9387,1908.0,P070,S04,2,2784.55,2025-08-27
9388,1226.0,P038,S04,6,2565.37,2025-09-27
9389,454.0,P049,S01,3,2618.05,2025-05-19
9390,965.0,P075,S02,3,3593.76,2024-08-25
9391,624.0,P090,S04,4,684.21,2025-11-20
9392,1776.0,P056,S05,9,1894.73,2025-05-20
9393,887.0,P023,S02,5,368.89,2025-04-15
9394,1852.0,P099,S01,7,3216.77,2026-03-13
9395,1403.0,P037,S02,5,2855.16,2025-10-18
9396,397.0,P002,S03,4,869.23,2025-03-22
9397,1444.0,P047,S02,3,1929.0,2024-10-03
9398,251.0,P060,S03,9,4610.16,2026-04-23
9399,1971.0,P080,S03,5,2561.98,2026-03-05
9400,319.0,P076,S04,2,159.09,2025-03-07
9401,403.0,P013,S02,10,4435.3,2024-06-19
9402,1282.0,P098,S05,2,3929.86,2024-07-18
9403,420.0,P059,S03,7,3566.3,2024-08-07
9404,583.0,P065,S05,7,4427.71,2025-04-21
9405,1188.0,P014,S03,1,2003.92,2024-09-25
9406,794.0,P040,S05,7,625.3,2024-11-27
9407,517.0,P070,S03,1,2017.03,2024-08-23
9408,393.0,P001,S03,3,682.05,2024-07-23
9409,1346.0,P086,S01,10,3209.45,2025-09-18
9410,1292.0,P052,S04,4,467.08,2025-11-14
9411,1228.0,P007,S01,8,3298.18,2024-08-03
9412,118.0,P068,S02,10,3082.95,2025-07-17
9413,1900.0,P016,S01,1,4300.22,2026-04-10
9414,651.0,P002,S05,3,1531.14,2024-08-26
9415,441.0,P090,S04,6,4149.47,2024-11-29
9416,251.0,P043,S03,5,3030.27,2025-01-06
9417,1815.0,P061,S02,6,1138.44,2024-11-19
9418,984.0,P063,S04,5,2120.67,2026-05-18
9419,401.0,P018,S03,4,2194.28,2025-04-09
9420,1724.0,P006,S04,6,1888.5,2024-11-15
9421,1877.0,P077,S05,2,1746.69,2026-06-02
9422,23.0,P045,S05,4,3526.09,2025-02-08
9423,1916.0,P024,S03,2,2525.96,2026-03-06
9424,1243.0,P053,S01,4,261.88,2026-04-20
9425,364.0,P014,S05,3,2341.5,2026-04-22
9426,312.0,P047,S01,7,700.29,2025-08-23
9427,1455.0,P080,S03,4,2037.07,2026-05-19
9428,1254.0,P086,S04,8,657.06,2025-08-11
9429,535.0,P053,S03,5,3541.97,2024-11-03
9430,1375.0,P081,S03,5,4247.13,2025-11-04
9431,1706.0,P026,S01,2,2704.69,2025-03-31
9432,1775.0,P062,S05,1,3806.52,2026-06-07
9433,793.0,P015,S05,4,363.73,2025-12-20
9434,150.0,P096,S05,3,3599.01,2025-11-24
9435,1597.0,P009,S03,3,4357.73,2026-01-05
9436,1960.0,P015,S02,3,3299.25,2025-04-06
9437,1304.0,P017,S03,1,1942.9,2024-07-02
9438,624.0,P058,S04,9,4964.22,2026-06-08
9439,338.0,P001,S02,10,2640.25,2026-06-06
9440,115.0,P066,S02,9,1786.37,2024-08-09
9441,1877.0,P006,S05,9,1375.73,2025-11-13
9442,1810.0,P090,S01,1,2409.44,2025-03-06
9443,1938.0,P008,S02,10,2968.74,2025-04-24
9444,1078.0,P024,S02,9,680.48,2025-12-03
9445,752.0,P047,S04,8,3123.43,2025-04-09
9446,1261.0,P065,S03,7,1130.38,2025-02-07
9447,1479.0,P020,S05,1,4015.08,2024-06-19
9448,336.0,P077,S02,6,2169.29,2024-07-22
9449,1578.0,P037,S03,7,1408.26,2026-01-04
9450,1601.0,P064,S01,5,1909.07,2025-04-30
9451,667.0,P076,S04,7,3935.61,2025-01-31
9452,721.0,P093,S05,8,103.78,2026-03-21
9453,1722.0,P079,S04,10,4017.25,2024-10-13
9454,357.0,P079,S05,9,3253.13,2024-09-30
9455,413.0,P006,S05,1,1679.2,2025-02-20
9456,59.0,P095,S01,7,1176.96,2026-03-10
9457,772.0,P094,S03,6,1606.0,2024-10-21
9458,1025.0,P071,S01,10,2844.38,2025-08-17
9459,1578.0,P052,S04,4,3821.46,2026-01-02
9460,1048.0,P062,S03,2,374.26,2025-08-04
9461,423.0,P057,S04,7,750.48,2024-07-19
9462,293.0,P079,S02,3,4257.49,2024-07-04
9463,565.0,P062,S02,4,1517.72,2025-03-23
9464,174.0,P066,S03,6,3261.58,2026-05-25
9465,1066.0,P065,S04,4,735.79,2025-11-16
9466,105.0,P075,S04,5,1884.96,2025-03-30
9467,1751.0,P024,S02,2,1614.66,2025-01-09
9468,1611.0,P090,S01,3,127.45,2026-05-11
9469,538.0,P044,S03,2,4868.27,2026-03-06
9470,548.0,P081,S01,5,4413.52,2025-11-20
9471,1633.0,P052,S03,3,4995.07,2024-12-29
9472,401.0,P053,S05,10,2248.64,2025-05-19
9473,721.0,P055,S05,4,2258.31,2025-03-04
9474,1306.0,P004,S01,6,2566.22,2025-09-15
9475,272.0,P100,S01,9,3128.15,2024-06-22
9476,1223.0,P039,S05,6,2773.07,2026-01-27
9477,534.0,P076,S05,8,698.92,2025-07-16
9478,265.0,P086,S04,5,3019.61,2024-08-16
9479,88.0,P097,S04,6,358.03,2025-07-09
9480,328.0,P078,S03,9,988.24,2025-07-04
9481,808.0,P098,S01,2,4913.89,2025-02-28
9482,1325.0,P090,S04,9,3891.08,2025-04-07
9483,40.0,P031,S03,7,155.63,2025-10-25
9484,1481.0,P037,S03,1,4756.68,2024-09-22
9485,1795.0,P043,S01,9,1896.58,2026-01-28
9486,836.0,P045,S01,2,4375.83,2025-07-04
9487,778.0,P068,S01,9,3348.59,2025-09-14
9488,116.0,P064,S05,3,3641.39,2024-11-13
9489,1099.0,P015,S03,1,4601.16,2025-06-28
9490,991.0,P034,S05,2,4864.0,2025-02-13
9491,232.0,P066,S05,9,2143.36,2025-04-20
9492,359.0,P034,S05,4,2452.9,2025-07-21
9493,310.0,P045,S02,9,4694.82,2025-04-27
9494,386.0,P042,S02,10,810.11,2025-06-21
9495,1456.0,P048,S03,5,3459.95,2025-05-28
9496,748.0,P043,S03,9,4484.59,2025-05-27
9497,678.0,P041,S02,10,173.74,2025-03-07
9498,835.0,P046,S03,7,812.31,2025-08-06
9499,1026.0,P034,S01,10,4753.28,2026-01-31
9500,74.0,P040,S01,9,3208.33,2024-09-20
9501,1075.0,P059,S01,6,2605.53,2025-07-23
9502,1583.0,P014,S05,10,1680.66,2025-02-14
9503,433.0,P088,S05,9,4230.32,2024-07-16
9504,1832.0,P073,S03,6,1181.21,2025-08-10
9505,1226.0,P052,S03,6,4477.03,2025-08-08
9506,1254.0,P072,S04,8,4428.96,2025-07-12
9507,658.0,P064,S01,4,4597.98,2026-01-24
9508,1391.0,P070,S03,3,3470.51,2024-11-05
9509,814.0,P009,S03,7,2546.41,2024-06-17
9510,1283.0,P032,S01,10,3621.71,2025-12-18
9511,1593.0,P016,S01,8,4319.0,2025-05-15
9512,801.0,P053,S01,10,804.7,2025-12-22
9513,254.0,P005,S02,2,1965.96,2025-10-16
9514,135.0,P093,S02,5,3761.12,2025-01-03
9515,1005.0,P022,S03,5,4128.03,2026-03-30
9516,1687.0,P026,S04,5,2974.2,2025-01-09
9517,484.0,P004,S02,6,2737.25,2026-04-14
9518,707.0,P031,S01,5,3986.26,2025-02-10
9519,1480.0,P004,S05,7,1196.14,2026-04-29
9520,1444.0,P051,S01,10,712.55,2025-08-22
9521,402.0,P011,S01,3,4182.35,2026-06-03
9522,1737.0,P078,S04,7,2710.1,2026-05-21
9523,821.0,P078,S05,4,2206.47,2025-05-13
9524,1065.0,P045,S04,9,499.24,2026-03-19
9525,284.0,P093,S02,3,4882.82,2025-12-23
9526,983.0,P006,S02,10,3847.34,2026-04-16
9527,776.0,P083,S03,4,287.67,2024-11-05
9528,517.0,P088,S04,7,4180.4,2024-09-04
9529,1814.0,P005,S01,4,2601.94,2025-07-02
9530,1990.0,P001,S05,1,2983.79,2025-09-19
9531,862.0,P004,S04,2,555.62,2024-07-04
9532,96.0,P005,S01,1,189.19,2024-10-14
9533,987.0,P088,S03,8,4898.38,2024-10-31
9534,1092.0,P075,S04,1,2345.44,2026-02-10
9535,1044.0,P071,S04,7,4576.06,2024-11-13
9536,1427.0,P071,S05,1,1767.9,2026-04-05
9537,1137.0,P056,S05,6,934.75,2024-09-15
9538,1421.0,P042,S04,1,1575.67,2026-04-18
9539,742.0,P067,S03,7,1933.47,2025-05-31
9540,932.0,P096,S04,10,2245.21,2024-11-01
9541,501.0,P008,S02,2,1079.21,2025-06-22
9542,1606.0,P077,S02,9,2831.53,2026-02-04
9543,128.0,P013,S04,4,2626.74,2025-11-19
9544,803.0,P098,S01,6,1784.32,2026-04-02
9545,1282.0,P083,S02,9,2331.37,2025-01-31
9546,992.0,P057,S01,9,2064.65,2025-07-16
9547,1186.0,P074,S04,2,2353.71,2025-05-27
9548,1110.0,P015,S01,6,2887.1,2026-01-15
9549,32.0,P082,S04,10,450.2,2025-09-07
9550,717.0,P032,S05,7,4027.78,2024-11-23
9551,403.0,P081,S01,4,4615.74,2026-03-21
9552,1426.0,P005,S02,7,1750.3,2025-10-08
9553,1142.0,P016,S01,3,3601.8,2024-08-30
9554,347.0,P031,S02,5,1363.85,2024-10-03
9555,506.0,P081,S02,10,4382.24,2024-11-05
9556,970.0,P022,S02,9,1780.66,2026-04-05
9557,26.0,P019,S02,8,940.02,2025-03-17
9558,603.0,P078,S03,3,620.81,2024-08-13
9559,1694.0,P026,S02,4,411.73,2025-02-02
9560,695.0,P087,S04,2,4771.61,2026-03-05
9561,861.0,P062,S03,10,2161.18,2026-03-18
9562,212.0,P065,S02,7,691.2,2026-02-12
9563,1364.0,P052,S02,10,3425.78,2025-03-23
9564,1933.0,P017,S02,10,4853.11,2026-03-07
9565,1516.0,P009,S01,6,2199.6,2024-11-24
9566,147.0,P079,S01,8,3231.05,2025-08-13
9567,94.0,P035,S02,1,3411.9,2025-03-23
9568,1453.0,P042,S02,7,1794.28,2024-07-03
9569,1176.0,P005,S05,6,4621.56,2025-06-06
9570,1125.0,P026,S01,4,3681.07,2024-07-01
9571,1950.0,P038,S05,2,3564.39,2024-07-12
9572,1612.0,P037,S01,3,4032.94,2025-02-02
9573,1865.0,P060,S05,6,3274.63,2026-02-25
9574,1657.0,P016,S01,6,1447.95,2025-10-03
9575,1126.0,P054,S03,7,640.43,2025-09-21
9576,250.0,P051,S02,4,2003.47,2024-11-16
9577,9.0,P043,S01,3,3345.73,2024-10-30
9578,1979.0,P051,S01,8,3142.09,2026-03-18
9579,1753.0,P071,S01,5,4086.85,2025-02-13
9580,1110.0,P033,S01,2,109.05,2026-03-05
9581,1044.0,P068,S04,6,1745.46,2026-03-04
9582,640.0,P063,S01,4,4633.43,2026-03-09
9583,175.0,P080,S03,5,1752.88,2025-10-22
9584,573.0,P095,S05,9,4026.23,2026-01-12
9585,1264.0,P089,S01,1,3284.15,2025-05-09
9586,159.0,P035,S02,6,1627.52,2025-04-22
9587,118.0,P012,S01,10,3013.72,2026-01-29
9588,297.0,P046,S02,3,3821.94,2025-10-26
9589,1350.0,P089,S03,1,3752.86,2024-09-28
9590,1364.0,P096,S04,10,4630.51,2024-11-21
9591,1256.0,P099,S03,8,2968.0,2026-04-12
9592,1333.0,P076,S01,1,4946.02,2024-07-06
9593,219.0,P029,S02,8,1978.48,2024-12-08
9594,1880.0,P001,S05,8,3008.53,2024-11-22
9595,809.0,P056,S05,10,1525.24,2024-11-17
9596,689.0,P009,S04,6,238.28,2024-11-25
9597,991.0,P078,S01,5,753.83,2024-10-08
9598,1575.0,P051,S01,2,2880.53,2025-04-20
9599,630.0,P046,S03,4,3671.07,2025-12-31
9600,553.0,P003,S05,6,4949.02,2025-02-02
9601,1484.0,P032,S04,4,1596.05,2025-11-29
9602,1112.0,P076,S02,5,4666.39,2025-07-13
9603,1115.0,P093,S01,2,3813.12,2024-11-27
9604,865.0,P022,S02,6,2366.29,2024-08-17
9605,1271.0,P092,S02,8,2504.31,2026-02-04
9606,1550.0,P062,S03,5,3395.11,2025-06-24
9607,213.0,P012,S03,7,2459.0,2025-01-31
9608,1969.0,P100,S05,9,397.74,2025-04-07
9609,1760.0,P064,S05,5,1923.3,2025-03-14
9610,1264.0,P057,S01,3,4714.24,2024-12-30
9611,1192.0,P066,S05,10,3979.77,2025-07-30
9612,1363.0,P002,S02,4,1293.9,2026-04-06
9613,881.0,P040,S03,7,2200.7,2026-04-05
9614,652.0,P078,S02,6,2041.99,2025-08-13
9615,1097.0,P058,S05,8,4874.05,2025-03-31
9616,43.0,P004,S02,8,2493.43,2024-08-08
9617,77.0,P086,S01,2,4854.82,2025-05-01
9618,1072.0,P092,S03,1,713.36,2024-08-18
9619,1994.0,P055,S03,8,658.77,2025-03-28
9620,1973.0,P053,S05,3,104.31,2024-06-22
9621,1778.0,P007,S05,2,1871.47,2025-02-27
9622,514.0,P053,S02,5,2037.02,2024-06-25
9623,26.0,P041,S05,6,3775.22,2024-06-20
9624,1948.0,P055,S04,6,4062.58,2024-12-31
9625,1466.0,P058,S03,4,4953.55,2025-12-30
9626,151.0,P001,S01,9,2677.27,2025-02-11
9627,1094.0,P098,S02,7,1653.91,2025-05-15
9628,759.0,P074,S01,4,3798.1,2025-12-27
9629,975.0,P099,S04,9,2577.77,2025-03-27
9630,686.0,P042,S04,3,1473.3,2025-03-29
9631,445.0,P069,S04,6,1565.69,2025-08-19
9632,1190.0,P003,S03,8,2747.75,2026-03-21
9633,1902.0,P006,S04,10,2285.41,2025-02-07
9634,417.0,P081,S05,10,2964.67,2026-04-02
9635,199.0,P043,S03,3,3564.66,2025-05-04
9636,1938.0,P028,S02,5,2581.79,2026-02-27
9637,1846.0,P029,S01,9,4865.28,2024-12-09
9638,1300.0,P047,S01,3,4264.48,2025-08-06
9639,1157.0,P051,S02,1,3156.78,2025-05-14
9640,737.0,P096,S03,4,1151.11,2024-09-09
9641,940.0,P072,S01,4,562.43,2024-08-19
9642,1987.0,P092,S04,2,1255.37,2026-03-10
9643,288.0,P091,S03,10,1303.99,2025-12-31
9644,1391.0,P016,S01,2,2475.63,2025-07-03
9645,655.0,P081,S01,4,4402.37,2025-08-09
9646,1011.0,P092,S01,3,1939.49,2025-12-08
9647,992.0,P044,S01,5,3961.61,2025-09-17
9648,154.0,P048,S01,3,1814.42,2024-07-10
9649,534.0,P010,S02,3,4547.13,2025-05-12
9650,1533.0,P042,S04,6,2166.73,2025-04-08
9651,1354.0,P053,S05,4,4228.72,2025-02-22
9652,329.0,P050,S02,10,231.58,2025-11-07
9653,1120.0,P091,S02,3,452.73,2025-06-29
9654,1605.0,P054,S03,8,2618.46,2025-08-12
9655,1777.0,P083,S01,8,751.68,2026-04-28
9656,1003.0,P088,S04,3,4786.14,2026-02-27
9657,225.0,P049,S04,6,1539.0,2024-11-24
9658,722.0,P032,S02,8,4251.6,2025-03-15
9659,225.0,P042,S02,9,1478.49,2025-09-08
9660,501.0,P003,S04,1,4323.81,2025-07-16
9661,1103.0,P088,S03,9,2434.72,2025-02-28
9662,1630.0,P069,S04,7,3320.72,2026-01-21
9663,644.0,P002,S04,10,3732.57,2025-12-04
9664,120.0,P008,S02,10,4000.02,2025-10-24
9665,985.0,P074,S01,10,954.77,2025-01-26
9666,558.0,P009,S02,9,2521.62,2024-08-28
9667,1867.0,P056,S03,10,3715.35,2025-05-22
9668,16.0,P086,S05,6,3524.73,2025-11-08
9669,1024.0,P056,S03,1,2430.21,2025-06-15
9670,1272.0,P048,S02,10,4092.39,2025-01-25
9671,1223.0,P033,S03,5,2011.03,2025-05-14
9672,1977.0,P057,S05,9,4060.89,2025-05-10
9673,20.0,P087,S02,10,3377.58,2026-01-16
9674,1043.0,P071,S01,9,2139.05,2024-12-06
9675,1978.0,P014,S01,5,4430.78,2025-11-11
9676,1882.0,P015,S03,7,2503.01,2024-11-02
9677,530.0,P078,S02,10,169.27,2025-09-15
9678,551.0,P026,S04,9,3609.68,2024-07-26
9679,612.0,P009,S01,2,162.02,2025-12-31
9680,862.0,P050,S05,4,3501.11,2024-11-26
9681,553.0,P042,S03,10,3556.41,2025-09-07
9682,675.0,P099,S03,4,326.1,2024-06-09
9683,1357.0,P005,S05,9,179.41,2025-01-11
9684,1633.0,P025,S02,9,4820.55,2025-02-14
9685,816.0,P057,S04,4,1524.49,2024-08-13
9686,883.0,P089,S05,9,2839.23,2025-03-10
9687,1705.0,P002,S01,5,4948.41,2024-06-15
9688,1907.0,P050,S05,2,4378.99,2026-05-18
9689,1484.0,P006,S03,7,2862.68,2024-08-13
9690,1747.0,P043,S04,6,3369.9,2026-01-19
9691,1024.0,P039,S05,10,2948.47,2025-04-02
9692,454.0,P094,S02,6,3910.42,2025-07-12
9693,1669.0,P086,S05,4,349.59,2025-08-09
9694,596.0,P060,S03,3,1575.53,2024-12-08
9695,1968.0,P010,S01,1,3101.15,2025-01-15
9696,503.0,P011,S01,5,3767.57,2025-03-24
9697,625.0,P081,S04,2,3619.09,2024-07-14
9698,580.0,P059,S03,3,2122.59,2025-05-20
9699,709.0,P051,S04,6,3330.58,2025-08-02
9700,1560.0,P050,S04,3,594.49,2025-08-15
9701,1176.0,P079,S01,5,1989.13,2025-01-27
9702,10.0,P058,S01,4,886.84,2024-07-10
9703,1258.0,P085,S02,10,3071.56,2025-04-20
9704,22.0,P075,S03,8,2528.88,2025-08-01
9705,121.0,P001,S01,6,2291.81,2026-04-30
9706,341.0,P070,S05,2,2780.31,2024-11-30
9707,1266.0,P080,S04,6,2113.55,2024-11-06
9708,182.0,P035,S03,2,919.23,2025-04-14
9709,1853.0,P079,S01,7,3701.43,2025-09-17
9710,1285.0,P046,S05,1,1213.02,2025-05-26
9711,19.0,P012,S04,4,1394.91,2025-09-17
9712,1772.0,P046,S02,7,2514.77,2024-08-24
9713,138.0,P069,S03,4,2893.12,2025-01-28
9714,1858.0,P053,S02,2,3390.09,2025-04-30
9715,1490.0,P030,S02,9,334.07,2025-07-10
9716,1293.0,P065,S01,10,3058.44,2024-09-25
9717,638.0,P053,S01,6,3181.45,2025-11-06
9718,1292.0,P086,S04,5,2642.14,2025-09-01
9719,239.0,P024,S02,10,3422.3,2024-12-05
9720,1372.0,P003,S02,4,4655.54,2026-01-24
9721,844.0,P037,S04,10,850.17,2025-08-28
9722,856.0,P010,S05,6,1648.62,2024-07-06
9723,678.0,P023,S04,2,1997.77,2026-03-22
9724,356.0,P014,S03,6,2478.53,2025-11-13
9725,1186.0,P054,S02,7,3410.0,2025-02-20
9726,1390.0,P057,S04,1,2591.84,2025-02-03
9727,1124.0,P008,S01,3,1213.78,2025-10-20
9728,1438.0,P080,S02,10,4672.87,2025-04-09
9729,1801.0,P073,S01,10,1621.27,2025-12-21
9730,112.0,P020,S04,4,4060.43,2025-12-21
9731,1874.0,P002,S05,9,1251.23,2025-01-16
9732,467.0,P085,S01,5,1663.52,2024-11-07
9733,1964.0,P078,S03,6,4398.63,2025-06-29
9734,378.0,P058,S03,6,2613.89,2025-05-08
9735,1104.0,P035,S01,9,4398.21,2025-03-10
9736,234.0,P038,S04,2,1207.74,2025-11-27
9737,1591.0,P098,S02,10,3246.78,2025-08-14
9738,842.0,P062,S05,4,2333.87,2025-01-27
9739,705.0,P038,S03,5,1472.17,2025-07-28
9740,1189.0,P068,S05,5,3101.32,2024-06-25
9741,1774.0,P098,S01,5,1166.21,2024-10-16
9742,548.0,P036,S01,6,713.99,2026-06-06
9743,408.0,P097,S03,4,4935.68,2025-11-24
9744,900.0,P050,S01,9,2732.67,2025-12-24
9745,1565.0,P096,S03,6,3123.12,2024-09-08
9746,1784.0,P096,S04,8,2019.88,2024-07-12
9747,604.0,P030,S02,6,1711.61,2025-09-20
9748,1708.0,P002,S03,5,714.65,2024-08-07
9749,1282.0,P100,S03,8,4474.49,2026-05-03
9750,1040.0,P096,S05,8,3544.81,2025-09-26
9751,730.0,P034,S04,3,1094.67,2025-05-15
9752,1192.0,P022,S02,4,2034.99,2026-04-02
9753,551.0,P040,S05,3,1132.64,2025-03-29
9754,631.0,P004,S03,8,661.32,2025-04-30
9755,1271.0,P050,S02,7,2047.83,2026-05-19
9756,893.0,P093,S04,8,3911.31,2026-02-21
9757,1760.0,P060,S03,5,192.33,2026-05-24
9758,1690.0,P023,S01,6,480.28,2024-10-25
9759,366.0,P052,S02,2,1742.66,2025-10-09
9760,962.0,P032,S03,9,4032.45,2024-11-09
9761,143.0,P084,S03,4,2585.82,2024-09-17
9762,128.0,P089,S03,6,1346.8,2026-02-19
9763,787.0,P046,S05,3,3790.68,2025-09-13
9764,1357.0,P025,S03,7,4958.82,2026-02-21
9765,1918.0,P006,S05,10,418.42,2025-05-22
9766,1793.0,P067,S02,4,1400.88,2025-03-15
9767,1513.0,P057,S04,7,3615.09,2025-11-19
9768,868.0,P100,S05,5,2988.91,2024-06-21
9769,1126.0,P096,S02,7,342.93,2024-08-08
9770,1782.0,P088,S01,6,1011.26,2025-10-25
9771,1450.0,P055,S02,8,3966.92,2024-06-28
9772,1776.0,P052,S04,1,2275.74,2025-03-05
9773,1863.0,P082,S05,1,3538.13,2025-08-15
9774,1027.0,P062,S01,5,1490.2,2025-10-08
9775,1194.0,P027,S02,3,809.57,2025-03-11
9776,1585.0,P038,S01,3,1727.75,2025-10-07
9777,1113.0,P073,S04,6,1505.27,2025-12-01
9778,817.0,P051,S04,10,1151.24,2025-01-15
9779,1904.0,P072,S05,9,4766.46,2024-07-19
9780,1083.0,P023,S01,8,1595.34,2024-10-30
9781,1255.0,P061,S03,5,4449.47,2024-07-23
9782,1328.0,P078,S02,7,1466.98,2024-11-21
9783,1737.0,P034,S02,5,1052.53,2024-10-24
9784,1122.0,P097,S04,7,145.19,2026-01-02
9785,1597.0,P098,S01,9,1087.9,2025-02-17
9786,827.0,P004,S04,2,4964.69,2024-06-22
9787,1155.0,P094,S05,8,3382.81,2024-06-14
9788,549.0,P052,S05,4,2757.91,2025-02-14
9789,829.0,P041,S01,5,3468.41,2024-10-17
9790,194.0,P020,S04,8,3691.73,2026-05-21
9791,787.0,P059,S03,8,3876.08,2024-11-01
9792,1735.0,P004,S04,5,897.64,2025-05-01
9793,785.0,P037,S05,6,1658.99,2024-09-15
9794,352.0,P070,S03,10,3059.1,2025-02-15
9795,428.0,P094,S05,3,3025.06,2026-04-01
9796,1626.0,P078,S02,6,4870.52,2024-06-20
9797,862.0,P076,S02,6,1636.91,2025-06-21
9798,199.0,P027,S01,10,788.79,2025-08-08
9799,348.0,P019,S01,9,3910.63,2025-03-28
9800,1587.0,P002,S04,6,193.44,2024-11-16
9801,1021.0,P035,S03,1,2140.5,2025-02-12
9802,174.0,P070,S02,10,1865.54,2024-10-29
9803,1264.0,P003,S03,4,4770.84,2024-12-01
9804,883.0,P079,S03,4,3268.27,2024-10-06
9805,252.0,P042,S05,10,2214.2,2026-05-14
9806,515.0,P081,S04,9,4157.3,2025-09-19
9807,1788.0,P045,S05,1,1303.7,2026-05-30
9808,1171.0,P094,S02,8,3164.04,2025-02-10
9809,1083.0,P011,S02,1,1923.76,2025-07-08
9810,621.0,P063,S03,6,1755.67,2025-12-23
9811,791.0,P013,S04,10,528.77,2024-12-14
9812,1469.0,P044,S03,9,1950.96,2024-11-02
9813,1581.0,P052,S01,9,4249.12,2026-03-30
9814,1807.0,P006,S02,1,2478.17,2024-10-20
9815,434.0,P052,S01,3,1233.74,2026-04-09
9816,1115.0,P031,S03,5,3160.28,2024-06-23
9817,425.0,P013,S02,3,1758.76,2024-07-16
9818,1961.0,P088,S02,8,2052.47,2025-01-17
9819,1275.0,P046,S03,8,3231.71,2024-10-06
9820,1769.0,P013,S04,6,3035.23,2025-04-12
9821,108.0,P084,S05,9,1109.81,2024-08-27
9822,964.0,P046,S02,5,2659.87,2025-04-10
9823,266.0,P030,S02,6,2072.09,2024-07-10
9824,1336.0,P040,S05,2,809.12,2025-10-21
9825,693.0,P022,S04,4,4612.31,2025-01-30
9826,338.0,P048,S02,3,2485.91,2024-09-15
9827,704.0,P034,S05,2,743.77,2025-01-09
9828,1621.0,P009,S01,6,3205.14,2026-05-14
9829,941.0,P079,S02,1,4717.78,2024-10-22
9830,699.0,P005,S05,1,4857.93,2025-06-18
9831,27.0,P019,S05,8,1379.41,2024-10-27
9832,593.0,P010,S02,3,566.86,2025-08-07
9833,449.0,P045,S05,9,1227.48,2025-01-19
9834,1672.0,P016,S03,7,2161.87,2025-04-26
9835,108.0,P095,S03,1,3238.41,2024-09-04
9836,1107.0,P051,S02,6,2675.23,2026-03-23
9837,430.0,P036,S05,7,4500.71,2026-05-24
9838,673.0,P014,S03,6,4781.78,2024-06-23
9839,14.0,P006,S03,3,2497.32,2024-09-11
9840,2.0,P012,S05,10,2211.05,2025-09-08
9841,500.0,P046,S05,9,3741.65,2026-05-05
9842,1847.0,P026,S02,2,3723.05,2026-01-15
9843,99.0,P024,S02,9,2645.71,2026-05-08
9844,346.0,P092,S04,1,1711.09,2026-03-18
9845,531.0,P031,S03,1,2961.36,2024-08-25
9846,316.0,P014,S05,7,580.1,2024-10-18
9847,1211.0,P053,S05,4,516.54,2026-02-21
9848,1224.0,P043,S04,10,206.97,2025-09-23
9849,1513.0,P019,S04,5,2990.48,2026-02-04
9850,1743.0,P086,S03,7,3459.62,2025-08-25
9851,1608.0,P027,S02,1,3773.19,2025-12-17
9852,609.0,P060,S01,4,1599.73,2026-02-04
9853,242.0,P011,S05,5,4879.18,2025-02-01
9854,1069.0,P035,S02,3,516.95,2025-01-25
9855,444.0,P060,S04,7,3320.41,2025-06-08
9856,1142.0,P059,S02,3,3900.86,2026-05-21
9857,503.0,P077,S05,3,3964.4,2024-10-04
9858,1158.0,P100,S05,5,2362.77,2025-04-14
9859,1094.0,P100,S02,7,947.16,2024-09-20
9860,1789.0,P052,S02,1,4684.07,2024-09-21
9861,1063.0,P023,S02,4,2871.24,2025-12-23
9862,440.0,P032,S02,1,3918.35,2024-08-16
9863,1311.0,P060,S04,3,3653.06,2025-12-22
9864,617.0,P024,S02,2,1245.67,2025-10-01
9865,716.0,P009,S03,4,2834.17,2025-04-10
9866,1572.0,P022,S05,3,3215.97,2026-05-31
9867,504.0,P096,S04,10,2933.14,2025-10-25
9868,1537.0,P068,S04,5,920.74,2025-08-13
9869,638.0,P023,S01,6,3416.61,2025-01-24
9870,1737.0,P095,S01,7,3285.87,2024-09-12
9871,401.0,P002,S03,3,4765.9,2026-06-01
9872,1587.0,P063,S01,9,882.45,2025-12-28
9873,505.0,P099,S05,7,1594.45,2025-05-24
9874,1085.0,P046,S04,6,1212.82,2025-07-18
9875,1179.0,P075,S04,3,510.72,2024-06-17
9876,934.0,P004,S05,9,1272.32,2024-12-19
9877,448.0,P054,S03,3,4632.96,2024-09-08
9878,1081.0,P099,S05,9,1463.58,2025-12-17
9879,375.0,P069,S01,6,2256.13,2026-02-05
9880,710.0,P017,S01,3,4065.91,2024-08-18
9881,96.0,P030,S03,1,3984.37,2026-01-13
9882,1698.0,P084,S04,5,2107.96,2025-08-13
9883,1632.0,P014,S04,10,1760.87,2025-03-05
9884,1632.0,P008,S01,2,1517.06,2026-02-06
9885,328.0,P003,S02,2,1859.38,2025-06-13
9886,670.0,P001,S02,3,4995.62,2025-09-07
9887,1203.0,P018,S03,3,1814.5,2026-02-06
9888,803.0,P031,S03,3,1638.0,2025-05-03
9889,1937.0,P040,S03,2,970.17,2024-06-29
9890,105.0,P091,S01,6,363.35,2026-05-16
9891,329.0,P046,S05,9,3288.26,2025-02-18
9892,1940.0,P024,S04,7,537.94,2025-07-08
9893,1165.0,P013,S05,2,2187.13,2025-07-25
9894,383.0,P027,S01,3,3201.75,2025-08-05
9895,1590.0,P037,S03,10,4916.51,2026-05-14
9896,1699.0,P074,S03,4,3352.94,2026-06-03
9897,1732.0,P059,S01,9,4035.4,2024-12-05
9898,1720.0,P059,S04,6,3286.65,2024-08-01
9899,378.0,P024,S04,4,4046.84,2025-01-14
9900,1889.0,P054,S05,9,821.59,2026-05-18
9901,332.0,P007,S02,4,864.21,2024-06-23
9902,1313.0,P042,S05,5,1247.59,2026-02-28
9903,1763.0,P065,S04,10,1932.38,2025-06-10
9904,1725.0,P017,S04,4,735.28,2025-08-04
9905,1241.0,P013,S04,10,1993.26,2025-07-26
9906,637.0,P062,S05,6,3067.29,2025-05-16
9907,668.0,P004,S05,3,2563.82,2025-05-28
9908,823.0,P026,S04,4,2535.34,2024-06-24
9909,1446.0,P099,S02,3,3196.87,2024-09-08
9910,404.0,P002,S04,1,1546.14,2025-01-28
9911,691.0,P044,S03,2,2722.97,2025-10-06
9912,538.0,P050,S03,5,1463.48,2026-03-20
9913,1553.0,P092,S01,7,4956.03,2026-02-19
9914,1353.0,P023,S02,10,2816.14,2026-01-24
9915,1031.0,P013,S01,1,1715.68,2025-03-14
9916,1893.0,P049,S01,6,1738.1,2026-06-05
9917,651.0,P039,S01,4,4746.37,2024-11-14
9918,1773.0,P036,S04,6,4251.49,2025-05-30
9919,29.0,P082,S04,4,2703.38,2026-01-10
9920,690.0,P097,S03,4,4064.15,2024-10-13
9921,1351.0,P056,S05,5,4582.26,2025-01-31
9922,903.0,P057,S03,6,2200.17,2025-05-11
9923,1213.0,P044,S05,6,4728.73,2024-09-17
9924,749.0,P035,S01,7,2814.91,2025-12-31
9925,1509.0,P037,S04,7,4862.73,2025-02-01
9926,463.0,P034,S03,6,2581.62,2025-05-08
9927,1300.0,P024,S03,9,3185.18,2025-02-15
9928,1372.0,P023,S01,3,3279.03,2026-05-12
9929,427.0,P002,S04,6,2805.74,2024-11-18
9930,1590.0,P078,S01,10,224.71,2026-03-21
9931,1093.0,P045,S03,8,3070.01,2026-05-13
9932,720.0,P090,S01,8,616.9,2024-09-23
9933,1137.0,P007,S04,9,2018.25,2025-07-04
9934,628.0,P043,S05,6,4524.99,2025-04-08
9935,1942.0,P061,S02,5,2664.0,2025-07-03
9936,1392.0,P005,S02,6,1815.28,2025-02-17
9937,1562.0,P055,S02,1,3867.37,2025-02-27
9938,1247.0,P056,S02,8,785.12,2025-02-28
9939,169.0,P099,S04,8,3404.14,2025-09-06
9940,227.0,P050,S01,4,2506.3,2024-12-09
9941,953.0,P073,S03,10,4407.14,2024-07-22
9942,1283.0,P005,S01,5,2796.1,2025-02-18
9943,1575.0,P010,S02,10,4069.5,2025-12-19
9944,1594.0,P047,S01,6,1948.57,2024-07-05
9945,1899.0,P099,S05,1,1833.6,2025-10-28
9946,327.0,P026,S05,7,466.93,2026-02-23
9947,1682.0,P100,S01,4,1178.62,2024-09-06
9948,1548.0,P054,S01,2,1601.06,2025-04-06
9949,1312.0,P064,S05,2,3723.18,2026-02-16
9950,1022.0,P092,S01,4,2546.9,2026-04-27
9951,254.0,P027,S05,2,2505.98,2025-05-29
9952,841.0,P100,S04,8,3918.24,2025-05-21
9953,1712.0,P083,S05,8,4118.77,2024-08-18
9954,1574.0,P049,S04,6,1781.66,2025-03-31
9955,892.0,P041,S04,6,1584.08,2026-05-24
9956,375.0,P020,S05,1,4470.48,2025-05-27
9957,1081.0,P094,S05,7,2924.2,2024-12-30
9958,741.0,P067,S05,2,376.73,2025-12-03
9959,137.0,P099,S01,6,1214.39,2025-04-18
9960,367.0,P069,S01,5,2758.67,2025-03-31
9961,36.0,P033,S02,9,3301.89,2025-10-18
9962,1722.0,P076,S03,5,1944.26,2026-03-23
9963,1532.0,P087,S02,3,1345.23,2025-10-04
9964,1885.0,P031,S01,1,4160.27,2025-10-12
9965,1570.0,P092,S02,10,4760.87,2026-05-07
9966,1778.0,P040,S01,10,2173.93,2025-04-30
9967,1311.0,P028,S04,4,4296.77,2025-06-21
9968,1944.0,P014,S05,7,1363.9,2026-02-09
9969,935.0,P041,S05,6,217.98,2024-09-15
9970,264.0,P034,S02,8,1894.89,2025-10-28
9971,1179.0,P001,S01,2,1267.94,2026-03-13
9972,1267.0,P096,S01,10,1870.04,2024-12-15
9973,744.0,P068,S02,9,3355.59,2025-08-17
9974,972.0,P050,S05,9,2504.53,2025-06-26
9975,1565.0,P049,S01,7,3792.73,2024-08-22
9976,598.0,P054,S01,2,330.53,2025-04-13
9977,1928.0,P042,S02,8,161.98,2026-01-28
9978,1675.0,P015,S04,9,1265.1,2025-05-24
9979,604.0,P075,S03,10,1950.38,2025-06-22
9980,202.0,P098,S03,8,1284.74,2026-05-04
9981,1760.0,P040,S01,3,4419.33,2026-05-29
9982,327.0,P049,S01,9,445.71,2024-06-24
9983,756.0,P037,S04,7,2538.22,2026-05-10
9984,825.0,P044,S01,4,4536.87,2026-03-15
9985,1632.0,P056,S04,1,1481.23,2024-10-22
9986,426.0,P091,S03,8,1849.81,2025-06-10
9987,1335.0,P040,S05,8,3964.36,2026-03-27
9988,907.0,P023,S01,2,2509.86,2025-05-02
9989,580.0,P067,S01,3,4726.11,2024-06-18
9990,882.0,P073,S02,9,1086.86,2025-04-29
9991,1878.0,P100,S05,9,1330.92,2024-08-13
9992,1786.0,P055,S03,5,3315.48,2025-05-23
9993,1685.0,P082,S03,1,3849.78,2026-01-17
9994,1607.0,P012,S01,10,1661.41,2024-12-13
9995,453.0,P076,S05,1,4780.15,2026-01-22
9996,1458.0,P048,S01,7,2990.37,2025-02-26
9997,54.0,P057,S02,6,1868.99,2025-02-19
9998,838.0,P015,S05,6,4878.46,2024-08-29
9999,1380.0,P092,S05,5,3403.33,2024-08-05
10000,388.0,P047,S03,1,2395.54,2025-04-09
6253,709.0,P055,S02,1,3055.31,2025-09-10
4685,691.0,P051,S05,1,2528.47,2025-08-23
1732,1493.0,P010,S05,4,3182.04,2025-12-21
4743,387.0,P038,S03,6,2688.61,2024-07-21
4522,1826.0,P006,S03,6,1267.24,2024-08-13
6341,533.0,P017,S04,5,4545.21,2026-02-05
577,141.0,P099,S04,3,3362.67,2025-08-27
5203,1038.0,P061,S05,5,4191.5,2025-01-27
6364,1732.0,P019,S02,4,3438.98,2025-01-07
440,1173.0,P076,S01,3,1106.45,2024-12-21
2751,410.0,P058,S05,1,670.04,2025-06-29
7488,108.0,P079,S02,4,1383.4,2025-06-02
5273,1395.0,P089,S05,2,414.63,2026-04-28
5654,679.0,P070,S03,4,1897.01,2024-07-26
4000,1220.0,P028,S04,7,3578.11,2026-05-24
6034,1311.0,P091,S03,7,2714.8,2025-07-19
583,1877.0,P038,S01,9,3662.13,2025-06-24
9931,1093.0,P045,S03,8,3070.01,2026-05-13
7052,1004.0,P073,S03,7,3220.74,2024-06-25
8159,1859.0,P057,S04,5,1836.33,2025-05-08
9897,1732.0,P059,S01,9,4035.4,2024-12-05
2250,794.0,P091,S01,5,1002.14,2026-04-15
4641,762.0,P018,S04,5,883.52,2025-07-28
9486,836.0,P045,S01,2,4375.83,2025-07-04
4948,1769.0,P086,S01,9,4336.16,2024-12-23
9921,1351.0,P056,S05,5,4582.26,2025-01-31
1964,983.0,P029,S04,5,1755.96,2026-05-22
8244,1096.0,P014,S03,5,2100.08,2025-11-06
6591,1285.0,P027,S03,1,1358.43,2025-04-18
8848,1266.0,P088,S02,5,2047.6,2025-11-26
322,1033.0,P053,S02,2,2536.08,2024-07-02
2679,293.0,P027,S01,10,1493.91,2025-05-30
4626,408.0,P022,S01,6,4408.58,2026-05-28
4950,1403.0,P051,S05,9,4105.45,2025-02-03
8329,1115.0,P063,S01,6,2699.78,2025-01-26
3338,1891.0,P076,S05,3,1460.19,2025-12-27
5590,639.0,P087,S02,4,1352.54,2025-12-10
252,1448.0,P071,S02,7,3625.09,2024-09-11
3974,278.0,P087,S04,6,4648.56,2025-12-09
6631,1785.0,P041,S02,1,4895.5,2026-05-16
5548,969.0,P022,S05,5,495.14,2025-11-30
36,,P069,S01,5,3170.99,2025-12-22
8363,1764.0,P045,S05,10,4978.8,2026-01-01
1514,1731.0,P005,S05,3,1702.28,2024-12-21
9318,1597.0,P021,S05,3,854.54,2024-06-14
40,,P033,S05,3,3690.22,2024-08-25
4820,1737.0,P008,S05,5,1535.24,2025-12-22
3466,1102.0,P053,S04,10,2550.74,2025-10-10
1761,1075.0,P002,S05,2,1117.41,2025-08-10
2305,732.0,P093,S01,4,3791.32,2024-12-27
